name,address,loc_id,latitude&longitude
"namcoサッポロファクトリー","北海道 札幌市中央区 北一条東 4-1-1　サッポロファクトリー1条館内","BRY3aHCKND2WsyqpVZ-xEg","43.064303 141.363013"
"モーリーファンタジー札幌桑園","北海道 札幌市中央区 北八条西 14-28　イオン札幌桑園SC　イオン札幌桑園店2F","1gIHyDy2u1bYWbcz9BmF3w","43.069389 141.333224"
"東急百貨店さっぽろアミューズパーク","北海道 札幌市中央区 北四条西 2-1　東急百貨店さっぽろ店9F","LhpJz81E2AwOJEYNWzD0yg","43.067552 141.352709"
"タイトーステーション札幌狸小路2丁目","北海道 札幌市中央区 南三条 西2-14　ニコービル","tgNdKGtqlA5hY25gmz9oNQ","43.057336 141.355453"
"ラウンドワン札幌すすきの","北海道 札幌市中央区 南五条西 3-6-1","DEcah2oynr8vD325wTaU9A","43.054536 141.354524"
"モーリーファンタジー札幌麻生","北海道 札幌市北区 北三十九条西 4-1-5　イオン札幌麻生店4F","u6fIp7VCdnAbl5uhSOj1Kw","43.107259 141.339671"
"マキシム・ヒーロー","北海道 札幌市北区 北六条西 6　JR高架下","H57iUkDJXydOoqQFnN4QYQ","43.067531 141.34628"
"グルグルイトーヨーカドー屯田","北海道 札幌市北区 屯田八条 3-5-1　イトーヨーカドー屯田店2F","0PNuRwWzxFSDbmZvwbmr3g","43.140227 141.340922"
"キャッツアイ新川","北海道 札幌市北区 新川二条 7-1-7","9dmK49ay3c7RIMpk-bBIiw","43.100736 141.310272"
"キャッツアイ篠路","北海道 札幌市北区 篠路一条 4-6-30","33DTOzj56Wb2izvCHfVmig","43.1406522 141.3571908"
"アミューズメントスペースジョイランド定山渓ビューホテル","北海道 札幌市南区 定山渓温泉東 2　定山渓ビューホテル内","tLb9BMabXEvB3gD0lAQ_DA","42.968979 141.167416"
"にこにこBEAR札幌藻岩","北海道 札幌市南区 川沿二条 2-1-1　イオン札幌藻岩店","qgfyS_q8NfwWfDqu6DfsXg","42.999313 141.336483"
"モーリーファンタジー新さっぽろ","北海道 札幌市厚別区 厚別中央二条 5-6-2　新さっぽろアークシティdUo2　2F","90yK5_GlyQkmVCUDCUeFyA","43.038058 141.471698"
"ゲームランド新さっぽろ","北海道 札幌市厚別区 厚別中央二条 5-7　新さっぽろアークシティ　カテプリ新さっぽろ3F","vjFsQO-W_EKqzoDeiiCykg","43.037441 141.472478"
"キャッツアイ新札幌","北海道 札幌市厚別区 厚別東五条 1　ホーマックスーパーデポ厚別東店横","JUZEMwMT_gsRUleEjU5IVQ","43.0452677 141.4757971"
"げーむぱーくぎゃらくしー西友厚別","北海道 札幌市厚別区 厚別西四条 6-700-126　西友厚別店2F","2j3MgbwKz51GWLQaVc-fnA","43.053658 141.469174"
"ディノスパーク札幌手稲","北海道 札幌市手稲区 前田一条 11　西友手稲店3F","CAmHkgAgtF5dCI2-sk82TQ","43.12034464 141.2454271"
"ていね温泉ほのか","北海道 札幌市手稲区 富丘二条 3-2-1　ゲームコーナー","0qY4WMzkzA7tSR_47F1Dmg","43.104879 141.25275"
"モーリーファンタジー手稲山口","北海道 札幌市手稲区 明日風 6-1-1　イオン札幌手稲山口SC　イオンスーパーセンター手稲山口店1F","5Bj45h9DGzkcrbnEsUUjeA","43.14188 141.233892"
"ラッキー星置駅前","北海道 札幌市手稲区 星置一条 2-1-1　ラッキー星置駅前店内ゲームコーナー1F","G2T4iHDQAgReXR49tvVr3Q","43.132866 141.211645"
"キャッツアイ宮の沢","北海道 札幌市手稲区 西宮の沢五条 2-11-15","oEw6stYrCEqfRdwtKPiNPg","43.096392 141.257657"
"namcoアリオ札幌","北海道 札幌市東区 北七条東 9-2-20　アリオ札幌スパ・レジャー館2F　233区画","TR_S4teph_5LG3fehiutMg","43.07117 141.370255"
"キッズパーク イトーヨーカドーアリオ札幌","北海道 札幌市東区 北七条東 9-2-20　イトーヨーカドーアリオ札幌店3F","ZtNE1S5okxEVGREADTBXcw","43.071092 141.37032"
"モーリーファンタジー札幌元町","北海道 札幌市東区 北三十一条東 15-1-1　イオン札幌元町SC　イオン札幌元町店3F","PUMB3G1XYdvUSxFptA3ppA","43.101585 141.368225"
"ラウンドワンスタジアム札幌北21条","北海道 札幌市東区 北二十一条東 1-1-21","FRVHpQMTAClhOqqm7Xsoyg","43.0868871 141.3498502"
"アドアーズ札幌北42条","北海道 札幌市東区 北四十二条東 7-1-1　ドン・キホーテ北42条店2F","WPMRbdk-NXkwkyFw5mLNsw","43.112034 141.355326"
"ソユーゲームフィールド札幌苗穂","北海道 札幌市東区 東苗穂二条 3-1-1　イオンモール札幌苗穂2F","1iCoQV6-n2TD_HyVDOmkkA","43.079836 141.403812"
"モーリーファンタジー札幌苗穂","北海道 札幌市東区 東苗穂二条 3-1-1　イオンモール札幌苗穂　イオン札幌苗穂店2F","hiG_wOtM4zZcCw-A-b_feA","43.079836 141.403812"
"キャッツアイ東苗穂","北海道 札幌市東区 東苗穂六条 2-1-25","DepRnL1pBoinmWvKZ52Ivw","43.0923771 141.4069615"
"タイトーステーションイオンモール札幌平岡","北海道 札幌市清田区 平岡三条 5-3-1　イオンモール札幌平岡2F","8gsGDvCyXNETblceXPBXFQ","42.997241 141.458713"
"モーリーファンタジー札幌平岡","北海道 札幌市清田区 平岡三条 5-3-1　イオンモール札幌平岡　イオン札幌平岡店2F","EAdQ6GLfZn4RRB0neSOgHg","42.997257 141.458734"
"キャッツアイ清田","北海道 札幌市清田区 清田一条 1-20-1","hzWMFmJ3s3CoA1QAK-ThLA","43.00284253 141.4363039"
"VEGAGIO美しが丘","北海道 札幌市清田区 美しが丘一条 7-6-10　ベガロポリス美しが丘店内","x4zd4iNFiYtGufkwK_Y8qg","42.980932 141.463502"
"ラウンドワンスタジアム札幌・白石本通","北海道 札幌市白石区 本通 16-北1-50","aMdTukaIq7whaUbaJhnUPw","43.0369283 141.4328874"
"namcoラソラ札幌","北海道 札幌市白石区 東札幌三条 1-1-1　ラソラ札幌Atown 2F","ExtKoviQ6OKW3FfKFyf0lw","43.054045 141.383411"
"モーリーファンタジー東札幌","北海道 札幌市白石区 東札幌三条 2-1　イオン東札幌2F","GML6YZF0fCYd_W75x8pKBg","43.052723 141.385223"
"キャッツアイ栄通","北海道 札幌市白石区 栄通 19-11-43","pOwKF8yvhuESOvB5hHligA","43.025348 141.436631"
"わいわいランド琴似","北海道 札幌市西区 琴似二条 1-4-1　イトーヨーカドー琴似店3F","1iW-Nfh-VriT-CO27uXRnA","43.080733 141.30593"
"モーリーファンタジー札幌琴似","北海道 札幌市西区 琴似二条 4-2-2　イオン札幌琴似店3F","iM1-ACwjFq7cKUpONQBh2g","43.076764 141.30298"
"ソユーゲームフィールド札幌発寒","北海道 札幌市西区 発寒八条 12-1-1　イオンモール札幌発寒3F","JT1UcxNgiLhYs1rNSY5KJA","43.096422 141.276495"
"モーリーファンタジー札幌発寒","北海道 札幌市西区 発寒八条 12-1-1　イオンモール札幌発寒　イオン札幌発寒店3F","hQSODrCd6f1SH496i2mpHw","43.096164 141.276956"
"namco札幌西町","北海道 札幌市西区 西町北 13-1　ワンダーシティ札幌","OIMN0bcMAaaIGsWB3Bhzeg","43.08240056 141.2837586"
"キャッツアイミュンヘン大橋","北海道 札幌市豊平区 平岸一条 23-801-1","Gu67ZztLh0pzGnsSk7Uzbw","43.013979 141.355013"
"イオン札幌西岡","北海道 札幌市豊平区 西岡三条 3-4-1　イオン札幌西岡店2Fゲームコーナー","oqZtAnO4bXeEP4HTrheCZQ","43.018465 141.387296"
"ディノスパーク函館昭和","北海道 函館市 昭和 3-24-18　ゲオ函館昭和店内","eJHc_rJWlr9M1BUhwTbYNQ","41.819233 140.734544"
"BIG BANG 函館","北海道 函館市 梁川町 9-3　パボッツ函館3F","UM3Do5bZM6dqGYnwniSEPg","41.7890391 140.7443806"
"コープさっぽろ湯川店ファミリーランド","北海道 函館市 湯川町 1-34-15　コープさっぽろ湯川店2F","50XxI1sH6kHnKK-2R61vPQ","41.781434 140.782284"
"モーリーファンタジー湯川","北海道 函館市 湯川町 3-14-5　イオン湯川店1・2F","1DRoMetfv7pKEqFijodX7A","41.777661 140.794031"
"宝島函館","北海道 函館市 美原 1-7-1　MEGAドン・キホーテ函館店2F","473dC8ymKQ8y6X3Z-PitvA","41.813509 140.756295"
"ラウンドワンスタジアム函館","北海道 函館市 西桔梗町 848-11","TZAv1Nmcw3ocBewGVGXf0Q","41.82459 140.7174504"
"あそびパークウイングベイ小樽","北海道 小樽市 築港 11-1　ウイングベイ小樽1番街3F","UzAXGJZYgE2DYmSZbMC2ww","43.182522 141.026117"
"namcoウイングベイ小樽","北海道 小樽市 築港 11-5　ウイングベイ小樽5番街2・3F","PIfWgXto_lsSRv9nyeo1WQ","43.183941 141.02231"
"モーリーファンタジー旭川パルプ","北海道 旭川市 パルプ町一条 2-505-2　SCパルプタウン1F","sGok0_OoniIWfLd6LtZz_Q","43.775108 142.38436"
"でぃのぱ！旭川","北海道 旭川市 六条通 14-64　メガセンタートライアル旭川2F","rpTbWGpoXg6PUBtE-SOJJg","43.76879 142.369611"
"ソユーゲームフィールド旭川駅前","北海道 旭川市 宮下通 7-2-5　イオンモール旭川駅前4F","tCZEbuhu-jhGRhKMXYGniA","43.764006 142.357115"
"アミューズメントスペース遊ランド春光","北海道 旭川市 春光一条 7-2-25　第2ダイワビル2F","Xaqa-MmVS9DlDnuG3vkdbw","43.798197 142.374036"
"ファンタジープラザ旭川","北海道 旭川市 春光一条 8-1-65　MEGAドン・キホーテ旭川店2F","sl0_cPAYkWFX0q7KUSIghw","43.798536 142.378164"
"ラウンドワンスタジアム旭川","北海道 旭川市 永山三条 1-4-7","_xdOEjTFE2umwHG2jRUxhw","43.7865379 142.3972452"
"ファンタジーランドイオン旭川永山","北海道 旭川市 永山三条 12-2-11　イオン旭川永山店3F","sQ23isrN5GQe-Hpyhfp5ww","43.801284 142.420948"
"HapipiLand旭川","北海道 旭川市 永山十二条 3　ウェスタンパワーズ2F","hjXt1HuOGh6-daBAl8ASgw","43.778433 142.412167"
"ソユーゲームフィールド旭川西","北海道 旭川市 緑町 23-2161-3　イオンモール旭川西3F","0hkAd4HizdjwIY6zdrUbxA","43.794087 142.32593"
"モーリーファンタジー旭川西","北海道 旭川市 緑町 23-2161-3　イオンモール旭川西　イオン旭川西店2F","WcuTetJhytzA7pe0txnZSA","43.7937 142.327282"
"アミューズメントスペース遊ランド西御料","北海道 旭川市 西御料五条 2-1","ZAWsW9j8yFJi-GcK1w2TqA","43.723872 142.368868"
"ディノスパーク室蘭中央","北海道 室蘭市 中央町 3-1-8　スーパーアークス室蘭中央店3F","XxCw3CNmz6Md_SUQGogymg","42.315778 140.975796"
"BIG BANG 室蘭","北海道 室蘭市 中島本町 2-8-1","BgY_GS2c9t7eqkjL14dthQ","42.353406 141.014425"
"アミューズメントランドイオン室蘭","北海道 室蘭市 東町 2-4-32　イオン室蘭店2F","sYRhy6ZF39e1YoONfDqhqQ","42.345101 141.026188"
"ディノスパーク室蘭","北海道 室蘭市 東町 4-31-2","gDYKpI2gGP0j70rp_0ypyw","42.342173 141.025957"
"GALAXY GATE 星が浦","北海道 釧路市 星が浦大通 2-5","f2kS-8NrGq9Rg6INaR0ueA","43.014348 144.320148"
"タイトーステーションイオンモール釧路昭和","北海道 釧路市 昭和中央 4-18-1　イオンモール釧路昭和2F","1ZuXl9mnGyIyzaesFQfpCw","43.025899 144.359296"
"モーリーファンタジー釧路昭和","北海道 釧路市 昭和中央 4-18-1　イオンモール釧路昭和　イオン釧路昭和店2F","G6lF8aysB15luz2o2voOxw","43.027091 144.360348"
"ハロータイトー釧路貝塚","北海道 釧路市 貝塚 3-2-28","L6sYfMc328uZvLls0U3d-g","42.99621 144.410224"
"ディノスパーク帯広","北海道 帯広市 白樺十六条西 2-2-5　ドリームタウン白樺内","9ywxD-5JxPNbA3XlsZFoLA","42.91949854 143.1741714"
"わいわいランド帯広","北海道 帯広市 稲田町南8線西 10-1　イトーヨーカドー帯広店2F","vEFEYEANuNXhHb-_D7t1NQ","42.890028 143.198204"
"ディノスパーク帯広稲田","北海道 帯広市 稲田町南8線西 12-1　帯広スズランボウル内","g5K6N5O-KFCmrfgORVlYFg","42.890206 143.19646"
"ファンタジープラザ西帯広","北海道 帯広市 西二十一条南 4-1　MEGAドン・キホーテ西帯広店2F","sH1_zQqeUIZC3pr5TfcKrA","42.91209 143.143842"
"ファンタジープラザ帯広","北海道 帯広市 西四条南 12-3　長崎屋帯広店2F","vS3UBICCUYtPK7lq4o3CKw","42.917936 143.199297"
"キッズパーク イオン帯広","北海道 帯広市 西四条南 20-1　イオン帯広店2F","ySUFMMMZ1mp8_SI7x8wktw","42.908887 143.200495"
"BIG BANG 北見","北海道 北見市 中央三輪 7-446-1","CCc6opAOJGrvleAYeQKaSw","43.79697226 143.8514078"
"イトーヨーカドー北見","北海道 北見市 光西町 185","FoJO8SfrOLEHBS_VfGaLFg","43.798298 143.870281"
"ちびっこ遊園地ジョイランドイオン北見","北海道 北見市 北進町 1-1-1　イオン北見店3F","XdQrw6tjk-zbRY08Jw3lGA","43.808267 143.87553"
"アミューズメントシティ東武イーストモール","北海道 北見市 端野町三区 572-1　東武イーストモール内","7v0_mukH6iu5dvFyXCniyw","43.841426 143.928696"
"ディノスパーク北見","北海道 北見市 西三輪 5-1-16","PoWlJgBqNwCsLsuArkaLgQ","43.79654633 143.8425457"
"キッズパーク イオン岩見沢","北海道 岩見沢市 大和四条 8-1　イオン岩見沢店2F","yfX29Jj6jz-JUQTcXdLTxw","43.184092 141.7431"
"PALO網走","北海道 網走市 駒場北 5-83　駒場ショッピングタウン内","W4VJI8VT1y0zwbZLamqTOw","44.0009007 144.283923"
"ゲオ留萌","北海道 留萌市 花園町 4-8-5","hqAIkZEqXSGAszGlGiuuNg","43.938182 141.654861"
"キャッツアイ苫小牧駅前","北海道 苫小牧市 木場町 1-3","0IK3bKfL2v_auvhqGFwS0g","42.64178 141.598406"
"ファンタジープラザ苫小牧","北海道 苫小牧市 木場町 1-6-1　MEGAドン・キホーテ苫小牧店3F","QoaC7jh9aioYJJDBakOclA","42.641042 141.595285"
"ディノスパーク苫小牧","北海道 苫小牧市 柳町 3-1-20　イオンモール苫小牧2F","tKjDckUbqUKtpf7znHkQ3A","42.65574211 141.6408899"
"モーリーファンタジー苫小牧","北海道 苫小牧市 柳町 3-1-20　イオンモール苫小牧　イオン苫小牧店2F","hNCVw2GOJbZ2bni2ioqSZg","42.656319 141.642037"
"PALO苫小牧","北海道 苫小牧市 糸井 135-1　スーパーセンタートライアル苫小牧店G棟","EafmMMC_0glqXk9Ayjn-nw","42.61336206 141.5239155"
"こどものくに稚内西條","北海道 稚内市 大黒 4-7-1　稚内西條店内","-XbWtliVNfQ8G_U9G32VuQ","45.397447 141.692923"
"アミューズメントスペース遊ランド稚内","北海道 稚内市 港 5-8-15","kI8lAziyvWuHSU42ftYEzg","45.4007384 141.6808901"
"PALO江別","北海道 江別市 幸町 35　イオン江別店3F","zC3E_CJ4gvSiVGUoho_SGQ","43.096978 141.533645"
"HapipiLand江別","北海道 江別市 野幌町 10　イオンタウン江別2F","5qLzCE0C-dd14hbRMzcMSQ","43.092884 141.526196"
"キッズパーク イオン紋別","北海道 紋別市 花園町 3-4-39　イオン紋別店2F","_6kF7M6lM8xbyBdXP4-jOg","44.349532 143.347874"
"アミューズメントスペース遊ランド士別","北海道 士別市 大通東 8","kXYrkKuPk7II_dh5GOnjvQ","44.173917 142.394326"
"モーリーファンタジー名寄","北海道 名寄市 徳田 80-1　イオン名寄SC2F","5mJvoptav_4AcpEC9K-NVQ","44.338781 142.451984"
"モーリーファンタジー三笠","北海道 三笠市 岡山 1059-1　イオン三笠SC　イオンスーパーセンター三笠店1F","1T7wMBSu1qNqf6w7XWPrDQ","43.243582 141.805511"
"アミューズメントランドイオン根室","北海道 根室市 常盤町 3-9　イオン根室店2F","rlzJfIzYletB7sbOQ8rErg","43.332226 145.582949"
"タイトーステーション千歳","北海道 千歳市 北栄 2-12-5","aV_F6ZW9Z0vAShh_EQVTBA","42.833339 141.645548"
"キッズパーク イオン千歳","北海道 千歳市 栄町 6-51　イオン千歳店2F","AMNtOglmeRK3lKVqzUzDgQ","42.828856 141.648096"
"アピナ新千歳空港","北海道 千歳市 美々 1　新千歳空港（国内線）旅客ターミナルビル4F","nGun1ihx4D2Lg3fD6AU76A","42.787127 141.68056"
"PALO滝川","北海道 滝川市 東町 2-29-1　イオン滝川店1F","d2lug0A77FloiI4cig6k1g","43.554168 141.931215"
"遊ランド富良野","北海道 富良野市 弥生町 5-50","gzz2qFKkzYllWlMculSDtw","43.344251 142.378529"
"アミューズメントスペースGAME PLAZA第一滝本館","北海道 登別市 登別温泉町 55　第一滝本館内","zxHqbVvk8Ygbmzh-E64dPg","42.495074 141.144963"
"モーリーファンタジー登別","北海道 登別市 若山町 4-33-1　イオン登別店2F","k_ixb5_0hJVRfQQPFRbRtQ","42.381331 141.068466"
"キャッツアイ恵庭","北海道 恵庭市 住吉町 2-9-1","FA3p5k7wZGjc5QDJ64GzGA","42.87588548 141.5834606"
"ちびっこ遊園地ジョイランドイオン伊達","北海道 伊達市 末永町 8-1　イオン伊達店2F","otTmdK9ixlf-BQGW_AFQvw","42.473528 140.862701"
"アドアーズインターヴィレッジ大曲","北海道 北広島市 大曲幸町 6-1　インターヴィレッジ大曲2F","Odx4U5nUlmJSXNS4YALpnw","42.96918 141.469658"
"モーリーファンタジー石狩緑苑台","北海道 石狩市 緑苑台中央 1-2　イオン石狩緑苑台SC　イオンスーパーセンター石狩緑苑台店1F","2Krk3WJgMA9uAF9AoFx01w","43.158187 141.335453"
"モーリーファンタジー上磯","北海道 北斗市 七重浜 4-44-1　イオン上磯店1F","r_mXJiFfetObfc3OUUnt-w","41.82126 140.712447"
"ディノスパーク上磯","北海道 北斗市 七重浜 7-14-1　スーパーセンタートライアル上磯店1F","4Uqs3j4uogmlRGeEVEjwaQ","41.820381 140.695913"
"BIG BANG 釧路","北海道 釧路郡釧路町 木場 2-1","zbKLO5Bsgnt-KiSlDXD3vw","43.009205 144.409919"
"ちびっこ遊園地ジョイランドイオン余市","北海道 余市郡余市町 黒川町 12-62-1　イオン余市店2F","aW-OvKVSYr35T8eku3NfTQ","43.185627 140.798531"
"キャッツアイ静内","北海道 日高郡新ひだか町 静内木場町 2-1-41","MevGitmulqDv-HcOi70XOg","42.34142 142.35565"
"BIG BANG 釧路","北海道 釧路郡釧路町 木場 2-1","zbKLO5Bsgnt-KiSlDXD3vw","43.009205 144.409919"
"モーリーファンタジー中標津","北海道 標津郡中標津町 南町 3-10　東武サウスヒルズ1F","G2FCfZX_8C1oY1vjXjXHag","43.53624 144.977804"
"アミューズメントスペースジョイランド洞爺サンパレス","北海道 有珠郡壮瞥町 洞爺湖温泉 7-1　洞爺サンパレス内","ZbU8oG0j3BQWYbzbPM86Gw","42.565474 140.833307"
"キャッツアイ静内","北海道 日高郡新ひだか町 静内木場町 2-1-41","MevGitmulqDv-HcOi70XOg","42.34142 142.35565"
"ルスツリゾートゲームワールド","北海道 虻田郡留寿都村 字泉川 13","muQthoNOHeOkMZeN91gCyQ","42.73677 140.910574"
"ラ・セラキッズ","青森県 青森市 八重田 4-2-1　ラ・セラ東バイパスSC内","AtDm1DZELH8HO8lQKSfXHQ","40.827453 140.800296"
"ソユーゲームフィールド青森","青森県 青森市 浜田 1-14-1　イトーヨーカドー青森店2F","ymr_FoT-qF2LR3v6Rvt9ew","40.800813 140.749054"
"ラウンドワン青森","青森県 青森市 浜田 3-1-1","L89y1qRIN153St-aNZj91w","40.799322 140.748564"
"ゲオ青森浜館","青森県 青森市 浜館 3-3-18","QGTJE77TpmtRipSV9GK9Lg","40.807522 140.787076"
"タイトーステーション青森アムゼ","青森県 青森市 緑 3-9-2　サンロード青森アムゼ内","7MKOMN45IrUMRgcHfxT3_Q","40.807812 140.753293"
"ソユースペースファンタジーインフィニ","青森県 弘前市 城東北 3-10-1　さくら野百貨店弘前店4F","3nUxecHCAT-i7SPYI6gJ9g","40.607213 140.49568"
"GiGO 弘前","青森県 弘前市 末広 1-3-3","RsTCh9SA27jtPqZPPn9l6g","40.6040725 140.4999194"
"ゲームフィールド弘前樋の口","青森県 弘前市 樋の口 2-9-6　イオンタウン弘前樋の口1F","uDyNrqGhIHHWQiZtdxbcAQ","40.602727 140.444168"
"ファミリーランド弘前","青森県 弘前市 駅前 3-2-1　イトーヨーカドー弘前店4F","UokRUyfWMK-RviuHuXu_gQ","40.599359 140.481052"
"ゲームフェスタミタマ","青森県 弘前市 駅前町 5-5","pSzUpBQEV_PdRVO4XGyYLw","40.5983865 140.4835464"
"HapipiLandヒロロ弘前","青森県 弘前市 駅前町 9-20　ヒロロ4F","ZsIWo7xExLMjyv1PR4HWGQ","40.597524 140.481759"
"弘前ファミリーボウル","青森県 弘前市 高崎 2-15-1　さくら野百貨店ラフォルテ館2F","-4UpHylHx7IhUgZ6VgUyRA","40.608311 140.495245"
"タイトーFステーション八戸","青森県 八戸市 三日町 27","a5NyLtmiGQRrZS4uLih95w","40.509307 141.490581"
"GiGO 八戸","青森県 八戸市 城下 4-25-14","LsjVp1XmDlMMuCVWwwiJqg","40.51990816 141.4983004"
"ファンタジードーム八戸","青森県 八戸市 江陽 2-14-1　ラピア別棟","sVAO7nDuDoMC-BRESBAxww","40.521872 141.502709"
"イトーヨーカドー八戸沼館","青森県 八戸市 沼館 4-7-111","eUmYUG09ZAOtc6Ht2HKexw","36.278022 139.386895"
"ソユーゲームフィールド八戸","青森県 八戸市 沼館 4-7-112　ピアドゥB棟2F","joVNChSPBBuG_mH5P-94qQ","40.527767 141.497134"
"モーリーファンタジー八戸田向","青森県 八戸市 田向字毘沙門平 27-1　イオン八戸田向SC　イオン八戸田向店1F","YxAxGe3EELbtGvI01uJj8Q","40.492005 141.509598"
"ゆりの木ボウル","青森県 八戸市 鷹匠小路 10-3　ゆりの木ボウル内ゲームコーナー","djJHTw7Q6c6Qi57mB4Negw","40.506633 141.493676"
"PALO黒石","青森県 黒石市 富士見 103-3　アクロスプラザ黒石内","FPuQpDH2tKx2miHUAffGFg","40.666617 140.601765"
"namcoエルムの街ショッピングセンター","青森県 五所川原市 唐笠柳字藤巻 517-1　エルムの街SC　C棟2F","-2WNnG7XXk0xt4TebW3v-A","40.799553 140.454126"
"PALO五所川原","青森県 五所川原市 唐笠柳字藤巻 641-1　アクロスプラザ五所川原内","iGiTD_GnCPPKQN5JlLGvEA","40.80075913 140.4614604"
"モーリーファンタジー十和田","青森県 十和田市 大字相坂字六日町山 166-1　イオン十和田SC　イオンスーパーセンター十和田店1F","iMmzbGv7_k8POx_J8sMuyw","40.602992 141.256629"
"イーグルボウル","青森県 十和田市 東四番町 3-39","fhpSUKODaPHClmNPGdOHiA","40.608742 141.221155"
"モーリーファンタジー三沢","青森県 三沢市 松園町 3-10-1　ビードルプラザ三沢SC1F","eeGZhGM6ZmpHLeb_D_aT0w","40.674993 141.36303"
"ゲオ三沢","青森県 三沢市 栄町 2-31","MP9ZuC-05ULEO-_rl02cBw","40.67392 141.365196"
"PALOむつ","青森県 むつ市 中央 2-7-8　1F","PurJpYxrN9yfeLBBfPADXA","41.28688 141.18373"
"ハロータイトーむつ","青森県 むつ市 小川町 2-4-8　マエダ本店4F","nLk0daZRWahnR4npRIPJsg","41.29291 141.207841"
"モーリーファンタジーつがる柏","青森県 つがる市 柏稲盛 幾世41　イオンモールつがる柏1F","GHLC5YQFTZnXJi2l0zZ0oQ","40.803095 140.416365"
"ゲームランドつがる柏","青森県 つがる市 柏稲盛幾世 41　イオンモールつがる柏本館2F","Y5vRfIhq_cnJiO5cMj95pg","40.802632 140.416655"
"モーリーファンタジー平賀","青森県 平川市 小和森上松岡 193-1　イオンタウン平賀　マックスバリュ平賀店1F","fSRgiOpqXHHqH3Klh92R6Q","40.591256 140.566251"
"モーリーファンタジー藤崎","青森県 南津軽郡藤崎町 西豊田 1-7-1　イオン藤崎店2F","okowiSbnuKijOk6hW32V5w","40.657169 140.501486"
"モーリーファンタジー鶴田","青森県 北津軽郡鶴田町 鶴田字中泉 245-1　スーパーストア鶴田フッドリバーモール1F","9sV6nU1FZfI7yXVccQeb2Q","40.764403 140.441335"
"ユーズランド下田","青森県 上北郡おいらせ町 中野平 40-1　イオンモール下田1F","mSS8_YA6PY90rt4wxxebBg","40.6014566 141.4177839"
"モーリーファンタジー下田","青森県 上北郡おいらせ町 中野平 40-1　イオンモール下田　イオン下田店2F","PsRSzvosRWnoTNDwER3gPA","40.601962 141.419372"
"ハロータイトーイオン七戸十和田駅前","青森県 上北郡七戸町 荒熊内 67-990　イオン七戸SC　イオン七戸十和田駅前店内","z_k61NiJ2mIlZ0KUrSBigA","40.718897 141.155339"
"スイーツ・ハート野辺地","青森県 上北郡野辺地町 二本木 24-1　マックスバリュ野辺地店1F","QVmaLFi5xcy3i00zkiuaQQ","40.866134 141.111859"
"タイトーステーション盛岡マッハランド","岩手県 盛岡市 上堂 1-2-38","lK-ckkYYe3p0BG0rjoWIKw","39.723165 141.126452"
"ゲームランド盛岡","岩手県 盛岡市 前潟 4-7-1　イオンモール盛岡2F","-gFKvqzXYQxNGxrLiWqFgQ","39.711606 141.099932"
"モーリーファンタジー盛岡","岩手県 盛岡市 前潟 4-7-1　イオンモール盛岡　イオン盛岡店2F","8xGeetwBhdUCN6oLGd3-KA","39.711595 141.099954"
"ゲームシアターサンシャイン","岩手県 盛岡市 大通 2-7-21　ソレントビル1・2F","gcMGf2nzDfuCGlrf-VVH0g","39.703192 141.145434"
"ソユーゲームフィールド盛岡南","岩手県 盛岡市 本宮 7-1-1　イオンモール盛岡南1F","-F8jxSRXQL9aFB-mRSXwLA","39.683567 141.128669"
"モーリーファンタジーイオン盛岡南","岩手県 盛岡市 本宮 7-1-1　イオンモール盛岡南　イオン盛岡南店3F","keYiMZmvMVkkgXcnR3Czxg","39.683561 141.12868"
"タイトーFステーション盛岡南","岩手県 盛岡市 津志田町 2-1-77","qJChK7LLBnEYwhJNoOKizg","39.666612 141.157142"
"モーリーファンタジーサンサ盛岡南","岩手県 盛岡市 津志田西 2-17-50　盛岡南SCサンサ内","nd41ebUMAzpaOfYNh1vfVA","39.661971 141.148142"
"モーリーファンタジー盛岡渋民","岩手県 盛岡市 玉山区渋民 字鶴飼20-1　イオン盛岡渋民SC　イオンスーパーセンター盛岡渋民店1F","2Y1UHx5P9Oh49h5qGfjBFg","39.849976 141.172806"
"ラウンドワンスタジアム盛岡","岩手県 盛岡市 盛岡駅西通 2-10-35","lhPjYxW30376WQgOUSimRQ","39.7003775 141.1331941"
"ファミリーらんどDORA宮古","岩手県 宮古市 小山田 2-2-1　マリンコープDORA2F","Hj1dcu04bdg2rW0lS5cU3Q","39.632168 141.941891"
"さんさんらんど大船渡","岩手県 大船渡市 盛町字町 10-11　(協)南三陸SCサン・リア1F","pMPei8KdYsvyi7yOuYj_hA","39.087787 141.709238"
"ゲオ大船渡","岩手県 大船渡市 立根町 字桑原28-2","gCVr1AZaeARz58nDKaH9RA","39.108586 141.712652"
"ファミリーランド花巻","岩手県 花巻市 下小舟渡 118-1　イトーヨーカドー花巻店2F","bkGCN-zrfaMf_5yB47eUKA","39.392972 141.117623"
"ソユーファミリーゲームフィールド花巻","岩手県 花巻市 高木 第16地割68-6　銀河モール花巻1F","6ODpT1TwiAON5B7x5OMWOA","39.386541 141.136803"
"チャットタウン北上","岩手県 北上市 北鬼柳 19-68　江釣子SCパル2F","DEGec8EGqQgPFch02GAusg","39.293188 141.093097"
"アミューズメントゾーン北上","岩手県 北上市 本通り 2-2-1　さくら野百貨店北上店4F","-FabGdDnZd7_udefynEPjg","39.288443 141.115825"
"G3ポロスイオンタウン北上","岩手県 北上市 里分 4地割20-1　イオンタウン北上内","OoqwswHGl9FzduDUPNjz3g","39.29485262 141.1339572"
"TSUTAYA久慈","岩手県 久慈市 川崎町 11-22","SNZEH-RY-Kg982a0rBsiMA","40.192024 141.770891"
"PALO久慈","岩手県 久慈市 長内町 第30地割32-2　久慈SC1F","11iFvkYszXcMpKa_Dj_orw","40.189862 141.785598"
"モーリーファンタジー遠野","岩手県 遠野市 新穀町 1-11　遠野SCとぴあ2F","DbeHYvUztQCIXncfIMspfQ","39.330995 141.531961"
"モーリーファンタジー一関","岩手県 一関市 山目 字泥田89-1　イオン一関店2F","KrlDpjRKE41tO9CzDs96Wg","38.936853 141.112782"
"ビンゴ一関","岩手県 一関市 山目字中野 92-1","9RL-xBn0Dxxqcf261Z8cHA","38.93376 141.118321"
"モーリーファンタジースーパーセンター一関","岩手県 一関市 狐禅寺 字石ノ瀬11-1　イオンスーパーセンター一関店1F","-Iz0AryYjPkYaKY6ZDm_hw","38.939652 141.153482"
"ソユーゲームフィールド釜石","岩手県 釜石市 港町 2-51-41　イオンタウン釜石3F","-5JbKSsfwK-jpbgonWFYOw","39.271199 141.881805"
"ニコアプレイランド","岩手県 二戸市 米沢 字荒谷25　二戸SCニコア内","fYYKP-_trl-Egzmcr_4SOg","40.283166 141.294262"
"モーリーファンタジー前沢","岩手県 奥州市 前沢区 字向田2-85　イオン前沢SC　イオン前沢店2F","kawHQPtoZwRw6OvR9BNYnw","39.052549 141.129679"
"キッズパーク","岩手県 奥州市 水沢区佐倉河字東沖ノ目 123　岩手生協コープAterui2F","tiqy7YcBblh2F1C9hj2SLw","39.148316 141.156719"
"GiGO 水沢","岩手県 奥州市 水沢区佐倉河字鐙田 4-1","PuQ-PUHcChffynbuiZFi7g","39.152657 141.149372"
"アミューズメントパークアルコ","岩手県 紫波郡矢巾町 南矢幅 7-425-3　ショッピングモールアルコ内","bzrizmk8rrv8LBLBGtUwzQ","39.611071 141.152681"
"キッズランド紫波","岩手県 紫波郡紫波町 桜町 1-12-1　ショッピングセンターNACS","G5j7unZoQQXJJQlyCLU1Kg","39.549077 141.165242"
"ゲームランドプレーゴ金ヶ崎","岩手県 胆沢郡金ケ崎町 三ケ尻荒巻 165　イオンスーパーセンター金ヶ崎店内","RBMaLp4oaYnv5OyKJqL0Sw","39.219547 141.10125"
"山田レジャーセンター","岩手県 下閉伊郡山田町 川向町 5-11　白土ビル1F","sSw0hC0OSY8E_6zRdSU4JQ","39.464901 141.950783"
"ホテル瑞鳳","宮城県 仙台市太白区 秋保町湯元 字除26-1","6iOUdnY7-I_jcHvG94aIyg","38.222072 140.734466"
"タイトーステーション仙台ベガロポリス","宮城県 仙台市太白区 西多賀 5-24-1　ベガロポリス内","J7nZ7JnGWXOxvZ_PDQYDAQ","38.219688 140.847988"
"モーリーファンタジー鈎取","宮城県 仙台市太白区 鈎取本町 1-21-1　イオンスーパーセンター鈎取店1F","LlaKGmW8r3fqCGhk4dC4dg","38.219664 140.837524"
"ゲームフィールド仙台長町","宮城県 仙台市太白区 長町 7-20-3　ザ・モール仙台長町3F","EkjeQb4Z4mcmE0b7pHT2pw","38.22599 140.876736"
"アミューズパーク仙台港","宮城県 仙台市宮城野区 中野字田中 106","P0BCvneTgguN1kiQApMpYg","38.273804 140.982273"
"モーリーファンタジーヨドバシ仙台","宮城県 仙台市宮城野区 榴岡 1ｰ3−1　ヨドバシ仙台第1ビル5F","A-rojugFcz50zzaVSbizQg","38.258969 140.883495"
"THE 3RD PLANET BiVi仙台","宮城県 仙台市宮城野区 榴岡 2-1-25　BiVi仙台駅東口2F","fA6bCAJcgzMxPfkUxS3Ggw","38.261098 140.883586"
"GiGO 仙台コロナワールド","宮城県 仙台市宮城野区 福室字田中前一番 53-1　仙台コロナワールド内","Hyw4UpY1oPAH4YLdaQ3oqA","38.26025526 140.9691703"
"ラウンドワン仙台苦竹","宮城県 仙台市宮城野区 苦竹 1-7-10","PRRyoyf1GVSclhb6DNed7A","38.2680832 140.9172451"
"モーリーファンタジー仙台中山","宮城県 仙台市泉区 南中山 1-35-40　イオン仙台中山SC　イオン仙台中山店3F","HSZu1UQUgrwba9P1YtYhLA","38.297946 140.827022"
"スーパーノバイオン仙台中山","宮城県 仙台市泉区 南中山 1-35-57　イオン仙台中山SC　イオン仙台中山店別館3F","rI7ymjTOFiPfPZtjZO_c9Q","38.297896 140.827083"
"スイーツ・ハートイオンタウン仙台泉大沢","宮城県 仙台市泉区 大沢 1-5-1　イオンタウン仙台泉大沢2F","jdkqtr9InNZPkWmhJ3C8dw","38.350118 140.880981"
"GAME BANK 泉","宮城県 仙台市泉区 大沢 2-5-4","PxXWTR6SVhQUo1Cujad0lw","38.3527358 140.8773475"
"PSP泉パークタウンタピオ","宮城県 仙台市泉区 寺岡 6-5-1　泉パークタウンタピオ2F","job1ynnid3ODBQvivuPqOQ","38.343728 140.836438"
"namcoヨークタウン市名坂","宮城県 仙台市泉区 市名坂字中道 100-9　ヨークタウン市名坂内","9YSsq0gBiiuOwjneKa_cvQ","38.315845 140.906006"
"namcoアリオ仙台泉","宮城県 仙台市泉区 泉中央 1-5-1　アリオ仙台泉5F","K7Ka8xzwVU8ln8iupNEMgg","38.324442 140.882151"
"ゲームコーナー東部","宮城県 仙台市若林区 六丁の目中町 26-60　斎喜東部ビル","37uxHObyaKaWrP4st9eivg","38.250969 140.943894"
"モーリーファンタジー仙台卸町","宮城県 仙台市若林区 卸町 1-1　イオンスタイル仙台卸町3F","VyrOA4mzIh3MEvB84SAtsw","38.25229 140.918913"
"スーパーノバ仙台一番町","宮城県 仙台市青葉区 一番町 4-5-13　サンシャインビル1F","rmYNsVg3O8LwrlVd4gPumQ","38.264135 140.871162"
"タイトーステーション仙台名掛丁","宮城県 仙台市青葉区 中央 1-7-13","_3y6xX8FjWi2uiCPrpc4UQ","38.262066 140.879083"
"タイトーステーション仙台クリスロード","宮城県 仙台市青葉区 中央 2-3-25","SlSXiCxBcPyvExFshZ3vPA","38.261001 140.875607"
"GiGO 仙台","宮城県 仙台市青葉区 中央 2-5-5","08rsOjm3vjm8e677jwwdXg","38.261621 140.876736"
"わいわいランド石巻あけぼの","宮城県 石巻市 あけぼの 1-1-2　イトーヨーカドー石巻あけぼの店2F","2OUqgM1WBy3RHuqNQMyByw","38.448364 141.273413"
"GiGO 石巻","宮城県 石巻市 大街道東 4-1-45","uDeX5CptmdigD5XBXEBUNw","38.429408 141.285368"
"モーリーファンタジー石巻東","宮城県 石巻市 流留 字七勺1-1　イオン石巻東SC　イオンスーパーセンター石巻東店1F","XHvRlLm5Y-0rreKEf2uofA","38.428299 141.37583"
"プラサカプコン石巻","宮城県 石巻市 茜平 4-104　イオンモール石巻2F","ezX2oakgeQdZJIM0bpC5Gg","38.4475387 141.2648718"
"モーリーファンタジー石巻","宮城県 石巻市 茜平 4-104　イオンモール石巻　イオン石巻店2F","zfXisTg5WBcxLdmQWN1oIg","38.447673 141.265904"
"モーリーファンタジー塩釜","宮城県 塩竈市 海岸通 15-100　イオンタウン塩釜　ザ・ビッグ塩釜店2F","bsxnq3oOV4GnpRPu60vqLQ","38.318645 141.024685"
"モーリーファンタジー気仙沼","宮城県 気仙沼市 赤岩舘下 6-1外　イオン気仙沼店2F","5BfiUqJbJ2GboFbDRObpEA","38.889034 141.573068"
"こころっこムサシ名取","宮城県 名取市 愛島塩手 字前野田48-10　ホームセンタームサシ名取店2F","jqvx0yjv6g0iGWh6pqMsAQ","38.161035 140.8574"
"namcoイオンモール名取","宮城県 名取市 杜せきのした 5-3-1　イオンモール名取2F","3dn0Ct6NxaCQZbw_IMKXWQ","38.163379 140.896344"
"モーリーファンタジー新名取","宮城県 名取市 杜せきのした 5-3-1　イオンモール名取　イオン新名取店3F","b-yG3F5r82mz9tgprl2IyA","38.163827 140.895716"
"アミューズパーク名取りんくう","宮城県 名取市 美田園 6-24","mueatcL-BUdhsq3yWoU7fA","38.160099 140.915182"
"キッズパークイオンタウン名取店2F","宮城県 名取市 飯野坂 3-5-10","8RIb8QibtBYWEfMqfMg69g","38.157474 140.887086"
"キッズパークイオンタウン名取","宮城県 名取市 飯野坂 3-5-10　イオンタウン名取内","VahOSZ76ZGDzg6AgL9R5lw","38.157474 140.887086"
"GiGO 名取","宮城県 名取市 飯野坂字土城堀 57-1","3kKfDLlZgvHCqVD5MftddQ","38.1565577 140.8883768"
"モーリーファンタジー多賀城","宮城県 多賀城市 町前 4-1-1　イオン多賀城店3F","_EoX_CzSM53jfGa23eSNcg","38.282452 141.004484"
"ファミリーランド加賀野","宮城県 登米市 中田町石森 字加賀野3-6-1　みやぎ生協加賀野店1F","TMXvWUuCMsRP5pE-C6QeHA","38.696867 141.211207"
"ゲームランド佐沼","宮城県 登米市 南方町新島前 46-1　イオンタウン佐沼1F","Emmn3DtAPqwczdqRp-gnhw","38.682592 141.183925"
"GiGO 佐沼","宮城県 登米市 迫町佐沼 字中江2-5-8","twUak9PTUzz_lW6LqsggCQ","38.690445 141.189118"
"モーリーファンタジー栗原志波姫","宮城県 栗原市 志波姫新熊谷 11　イオン栗原志波姫SC　イオンスーパーセンター栗原志波姫店1F","Im6Xv3rgaFicg7IcdocDJg","38.748914 141.06817"
"ソユーゲームフィールド矢本","宮城県 東松島市 小松 字上浮足43　イオンタウン矢本","JJ5KFYMC0mYpUiInHc_0WA","38.425195 141.202975"
"モーリーファンタジー古川","宮城県 大崎市 古川旭 2-2-1　イオン古川店2F","JNLcqD6J36kl_O514Wsc6A","38.567284 140.972786"
"ソユーゲームフィールド古川","宮城県 大崎市 古川沢田 字筒場浦15　イオンタウン古川内","XUsqBCYKjhdYSh0uJX49LQ","38.599023 140.974156"
"HapipiLand古川","宮城県 大崎市 古川沢田 筒場浦15　ザ・ダイソーイオンタウン店2F","6y9MtwGTCs4Q18wRK4GBkA","38.599023 140.974156"
"マジカルランド富谷","宮城県 富谷市 ひより台 2-37","lr3S7iv59XvLwYdOQpzRZA","38.401009 140.885173"
"namcoイオンモール富谷","宮城県 富谷市 大清水 1-33-1　イオンモール富谷2F","tyxGma-ytaXT-Vc4AGeL8A","38.364032 140.875908"
"モーリーファンタジー富谷","宮城県 富谷市 大清水 1-33-1　イオンモール富谷　イオン富谷店1F","uam6uvlBge7iNz0jyMIa4A","38.364674 140.875172"
"アピナ富谷","宮城県 富谷市 大清水 1-33-1　イオンモール富谷別棟109シネマズ富谷1F","l6m17YF5aqClJ3uEdIQyjg","38.364878 140.875232"
"ユーズランド大河原","宮城県 柴田郡大河原町 小島 2-1　フォルテくらし館2F","tsiNU4QZ2WKuZci4VqlNYg","38.065614 140.737389"
"アミューズメントパーク・サムワン","宮城県 柴田郡村田町 沼辺牡丹山 42-1","l6fRjzvqcnesxddHyyTgyQ","38.0631002 140.7445028"
"ピーターパンと仲間たち船岡","宮城県 柴田郡柴田町 西船迫 2-1-15　イオン船岡店2F","Dt1Vf0zTmDBPQ6qfbiaDww","38.06316 140.762322"
"COOP亘理","宮城県 亘理郡亘理町 逢隈高屋 字柴北100　COOP亘理店内ゲームコーナー","cEoFGluSv4B6P2akHbHYVQ","38.042524 140.877013"
"アピナ新利府北館","宮城県 宮城郡利府町 利府 字新屋田前22　イオンモール新利府北館2F","RtY5DxULSbdh0mCBeQZPuQ","38.326849 140.971978"
"モーリーファンタジー利府","宮城県 宮城郡利府町 利府字新屋田前 22　イオンモール利府　イオン利府店2F","St84J_3j-YHin-Y9lQG1kg","38.326718 140.97209"
"スーパーノバ仙台利府","宮城県 宮城郡利府町 加瀬字新前谷地 55-1　利府ペアガーデン内","x8gZNPqPXE8NX_7tCukm_Q","38.328029 140.975611"
"namcoイオンモール新利府南館","宮城県 宮城郡利府町 新中道 3-1-1　イオンモール利府南館3F","iERsbFqunQPvmX2B_haeGQ","38.322705 140.971763"
"ヨークベニマル利府","宮城県 宮城郡利府町 神谷沢 字新宮ヶ﨑14-1　ヨークベニマル利府","oikoK1OdfI9fRi_wu1_x1w","38.314977 140.959801"
"ゲームランドプレーゴ加美","宮城県 加美郡加美町 赤塚 178　イオンスーパーセンター加美店内","jlo4cVnW-9rfAWyYsEIHbg","38.562555 140.865959"
"プレーゴ加美店プライズコーナー","宮城県 加美郡加美町 赤塚 178　イオンスーパーセンター加美店内","jma6m8zqo4OJGtJ4ikT-ng","38.562632 140.865945"
"モーリーファンタジー涌谷","宮城県 遠田郡涌谷町 涌谷 字洞ケ崎5　イオン涌谷SC　イオンスーパーセンター涌谷店1F","MMUL6OC-zTJoppSUNSNrsg","38.536858 141.147368"
"ペニーポット秋田","秋田県 秋田市 中通 2-8-1　フォンテAKITA4F","B_VVuuHXe9Cjb3xwriv_SA","39.716348 140.127632"
"秋田OPAアミューズパーク","秋田県 秋田市 千秋久保田町 4-2　秋田OPA7F","8bvPwzsrBaW-rq2wiZy28g","39.717865 140.128145"
"ラウンドワンスタジアム秋田","秋田県 秋田市 卸町 1-1-2","2YMiIO9zXSd_L8cojSRt1Q","39.7020435 140.1092924"
"にこにこBEAR秋田","秋田県 秋田市 土崎港南 2-3-41　イオン土崎港店2F","nOOJz4gzmgJosfyp1OdmwA","39.74764 140.072279"
"ロックンボウル","秋田県 秋田市 広面字長沼 301","QKAQDCZv04swvs8peJOnbw","39.717279 140.143443"
"ソユーゲームフィールド御所野","秋田県 秋田市 御所野地蔵田 1-1-1　イオンモール秋田2F","IezrtwPDeAgwmWcMA5wFGg","39.663619 140.160522"
"モーリーファンタジー御所野","秋田県 秋田市 御所野地蔵田 1-1-1　イオンモール秋田　イオンスタイル御所野3F","jD6GoTwjC8mn6esfCrxClg","39.66315 140.16127"
"ファンタジープラザ秋田","秋田県 秋田市 旭北錦町 4-58　ドン・キホーテ秋田店2F","5GJWwazmpfx8e3xrU_sMGQ","39.714853 140.109042"
"モーリーファンタジー秋田中央","秋田県 秋田市 楢山川口境 5-11　イオン秋田中央店3F","bvaXFqcCWUtCU8jwG6NElg","39.704127 140.109642"
"GiGO 秋田","秋田県 秋田市 茨島 1-1-16","1Bg55ON0US1P9e5Dzo9vkg","39.70415741 140.1045978"
"ソユープレイランドソピアいとくアクロス能代","秋田県 能代市 寺向 70　いとく能代SCショッピングタウンアクロス能代内","DRgIfl_H3xfmxdjjXkifxg","40.182816 140.053478"
"モーリーファンタジー能代","秋田県 能代市 柳町 11-1　能代SC　イオン能代店3F","pFFQlZTFHcNQ4wPGyt6-Hw","40.20909 140.024652"
"ソユーゲームフィールド能代","秋田県 能代市 鰄渕 字古屋布1　イオンタウン能代内","MFD-b5onzW8y5Tk0FuH9AQ","40.188827 140.077504"
"ゲームフィールド十文字","秋田県 横手市 十文字町仁井田 字東22-1　スーパーモールラッキー内","ZOAs0UVC3IKUwPS1-GOajA","39.216114 140.521055"
"G3ポロス横手南","秋田県 横手市 婦気大堤 字中田4-1　イオンスーパーセンター横手南店2F","UAd5pyvDfxhnXPh_qWqXEg","39.295224 140.552251"
"モーリーファンタジー横手","秋田県 横手市 安田 字向田147　イオン横手店2F","EzIdaUcvvIZ5LmGsH25n3w","39.298639 140.553675"
"モーリーファンタジー大館","秋田県 大館市 大田面 238　イオンスーパーセンター大館店1F","Oi9msh4TOSlaWcxEgdtB7A","40.286148 140.57675"
"ソユーゲームフィールド大館","秋田県 大館市 御成町 3-7-58　いとく大館SC3F","Ic30lPnclRY2GCatgoeLvw","40.280882 140.56034"
"namcoイオンタウン大館西","秋田県 大館市 根下戸新町 18-121　イオンタウン大館西内","P8LLLeafeRhshAgg_izneQ","40.2737454 140.5300384"
"トム・ソーヤのなかまたち。湯沢","秋田県 湯沢市 字上荻生田 162　イオン湯沢SC　イオンスーパーセンター湯沢店内","M5NkrWAUZ9aahkMrlSiIng","39.150485 140.469426"
"ソユープレイランドソピア鹿角","秋田県 鹿角市 花輪 字下夕町164-1　いとく鹿角SC内","jMKIdQyyWXd5xji4kmC7Yg","40.199675 140.793087"
"モーリーファンタジー本荘","秋田県 由利本荘市 石脇 字田中138　イオン本荘SC　イオンスーパーセンター本荘店内","tACyAToU-k3qpzKBtEQ9hQ","39.391502 140.027493"
"モーリーファンタジー中仙","秋田県 大仙市 北長野 字袴田188　イオン中仙SC　イオン中仙店1F","9_lprBNRwcKfUf7zJ1HU3g","39.551465 140.55139"
"プラサカプコン大曲","秋田県 大仙市 和合字坪立 177　イオンモール大曲2F","yPk_gRySBqHY42yREc9D7w","39.438944 140.508099"
"モーリーファンタジー大曲","秋田県 大仙市 和合字坪立 177　イオンモール大曲　イオン大曲店2F","qznVwjlkcY1v0mXQ4xZDeQ","39.438501 140.508897"
"トム・ソーヤのなかまたち。鷹巣","秋田県 北秋田市 栄 字中綱31-1　イオンタウンたかのす店1F","GCJVmc7fUsY0P1_isOEJfA","40.230965 140.382902"
"ゲームフィールド鷹巣","秋田県 北秋田市 栄 字前網76　いとく鷹巣SC内","XSHlWAYa8-2NyqQftIJxFg","40.232598 140.380088"
"トム・ソーヤのなかまたち。五城目","秋田県 南秋田郡五城目町 大川西野 字田屋前138　イオンスーパーセンター五城目店内","g_InAzxHdNv48kxPwff8AQ","39.935949 140.107119"
"GiGO 北山形","山形県 山形市 北町 1-3-20","H-7ZqsDg_8VUVJzRvDWAbA","38.268249 140.331351"
"ゲームゾーントレジャー北町","山形県 山形市 北町 2-2-45　山形ファミリーボウル内","dKzII_1p-DOP-qFbuX8MCQ","38.268743 140.32938"
"スタジオプリモ山形","山形県 山形市 城南町 1-1-1　霞城セントラル2F","-OfPqYH4gkkuRGJY2qeibQ","38.250161 140.326778"
"パルケデアミーゴ！","山形県 山形市 嶋北 1-3-1","p7nCw8BY8jmv04odkqKw1A","38.283666 140.3216"
"ビーカム成沢","山形県 山形市 成沢西 5-3-27","HOtiim_bVM0MamF6KCwT3w","38.208546 140.317727"
"わくわくランド北町","山形県 山形市 桧町 4-4-21","Ab2zwdruMKzPcpuWjXORJQ","38.275098 140.324797"
"namcoイオンモール山形南","山形県 山形市 若宮 3-7-8　イオンモール山形南2F","Ail_P3tnktZnWsuwzxQCwQ","38.227099 140.304492"
"モーリーファンタジー山形南","山形県 山形市 若宮 3-7-8　イオンモール山形南　イオン山形南店2F","vnZuGrf1QfgF-wFITa9etw","38.227099 140.304492"
"モーリーファンタジー山形北","山形県 山形市 馬見ケ崎 2-12-19　イオン山形北SC　イオン山形北店2F","4FrWvxRC8Pm89hNRnQCQLw","38.282866 140.330841"
"モーリーファンタジー米沢","山形県 米沢市 春日 2-13-4　イオン米沢店2F","YBxckrGGngZ0ZoVhHLo79A","37.923009 140.108618"
"GiGO 米沢","山形県 米沢市 花沢字タナコ原 177","IL1IMzpKIx4xHMC2DCOMvQ","37.91093059 140.1336713"
"プレビプレイランドコーナーヨークベニマル米沢","山形県 米沢市 駅前 3-1-18　ヨークベニマル米沢店内","NwIe80WR3HLAjIwFigJb3g","37.912482 140.124765"
"アピナ鶴岡","山形県 鶴岡市 文下字広野 1-1","_Sc28ALbYjyCOS_Es0rhAQ","38.758139 139.844383"
"namcoS-MALL","山形県 鶴岡市 錦町 2-21　S-MALL 2F","eUu9uFjtkf9PrjvXjPHiRg","38.739125 139.832094"
"モーリーファンタジー酒田南","山形県 酒田市 あきほ町 120-1　イオン酒田南店1F","0xT0rA5ZIfwoQ5miKxyHbw","38.892744 139.853173"
"わくわくランド新庄","山形県 新庄市 金沢 字大道上2033-4　ヤマザワ新庄店内","Q1_oUzaJz-dkIEbVRqF3Xw","38.753179 140.309423"
"フローラ・SAGAE","山形県 寒河江市 本町 2-8-3","0_4BSaTCYZ08i0Byw5h0DQ","38.376347 140.276017"
"スーパーノバ天童","山形県 天童市 南町 1-5-26","eLRczaz4eFICkYJN_-X0MA","38.3430247 140.3739948"
"モーリーファンタジー天童","山形県 天童市 芳賀タウン北 4-1-1　イオンモール天童　イオン天童店2F","4nW9k3xPCFRPW6oqrjJrVw","38.344958 140.36404"
"ソユーゲームフィールド天童","山形県 天童市 芳賀タウン北 4-1-1　イオンモール天童　モール棟2F","pWSsbXzhsAzjD5RrffKVzg","38.344909 140.364039"
"モーリーファンタジー東根","山形県 東根市 さくらんぼ駅前 3-7-15　イオン新東根SC　イオン東根店2F","dEqqBFLfomVT2CHubydMug","38.427088 140.387488"
"ファミリーらんどDORA南陽","山形県 南陽市 郡山 578　ヤマザワ南陽ショッピングプラザ内","9Qh-dmtgwWAqcp-z141wBg","38.043423 140.154861"
"プレビマックスバリュ白鷹","山形県 西置賜郡白鷹町 荒砥乙 535-1　マックスバリュ白鷹店内ゲームコーナー","sG6whOnyNvYDiM5sq75h7Q","38.185734 140.102198"
"ソユーゲームフィールド三川","山形県 東田川郡三川町 猪子字和田庫 128-1　イオンモール三川1F","9Adq2RlOWFvLyn8Mj9OVmA","38.81588695 139.8350573"
"モーリーファンタジー三川","山形県 東田川郡三川町 猪子字和田庫 128-1　イオンモール三川　イオン三川店2F","shLeVLv7_7CfDkmKx--WWA","38.815459 139.837165"
"GiGO 庄内","山形県 東田川郡三川町 猪子字大堰端 326-6","VBO_20EJNJnke1Ynh6hHyw","38.819638 139.834864"
"モーリーファンタジー福島","福島県 福島市 南矢野目 字西荒田50-17　イオン福島店3F","GPK9CH9OBr_dc8KMiukUeg","37.788397 140.457748"
"プレビザ・ビッグ福島大森","福島県 福島市 大森 字城ノ内35-1　ザ・ビッグ福島大森店内","tH5VM1EvhBtIwPcpNhIXiQ","37.734981 140.454439"
"ラウンドワンスタジアム福島","福島県 福島市 太田町 14-18","LDywsn277_5pZQOrdMB2Mw","37.75261 140.455994"
"GiGO 福島","福島県 福島市 本内中井 1-2","tkQH_JmxyWRaeE2kSiKTng","37.78523504 140.487515"
"THE 3RD PLANET ピボット福島","福島県 福島市 栄町 1-1　パワーシティピボット内","29nN1QIqh5jRUfLUgkd-9A","37.754273 140.460186"
"HapipiLand福島","福島県 福島市 鎌田 船戸前14-1　ドン・キホーテ福島店内","kyXo0sFf0ZQTgq8eKRC2ug","37.790362 140.489092"
"アミューズパーク福島","福島県 福島市 黒岩 字堂ノ後78","UUBqONtJqZlRwiWPh9MzSA","37.72604 140.469616"
"スーパーノバ福島","福島県 福島市 黒岩字中島 7-2","6i3ehAnuCJUABPy5MR3CYg","37.727675 140.466916"
"スーパーノバ会津インター","福島県 会津若松市 町北町上荒久田字宮下 142","4lo469GtpMgNw8-Q2Odn4w","37.5184251 139.9220484"
"アミューズパーク会津","福島県 会津若松市 神指町南四合 字幕内南503-2","moJspDHDq0qVGvsRFEUo9A","37.4843448 139.9022962"
"スイーツファクトリーパックン会津若松","福島県 会津若松市 神指町大字南四合 字幕内南154　アピタ会津若松店2F","TGti_3jtoI4ZBErpfWwvew","37.483484 139.904333"
"ラウンドワンスタジアム郡山","福島県 郡山市 向河原町 4-55","c4Y1MwtcbRSVg2d7YBcv0w","37.402322 140.395636"
"アミューズパーク郡山","福島県 郡山市 安積町日出山 2-80","EcmdX8G2X2byUZ1pDejU3w","37.374413 140.383902"
"GiGO 日和田","福島県 郡山市 日和田町字西中島 7-1","b5VJW7FjVufUMegXbku1cw","37.448201 140.380413"
"namcoイオンタウン郡山","福島県 郡山市 松木町 2-88　イオンタウン郡山内","kssq9R-4FkV8sN1mDoESog","37.389365 140.390478"
"ゲームスポットPado郡山","福島県 郡山市 松木町 2-88　イオンタウン郡山内","bsiV1CXiPWH1K5v4PrZp0Q","37.391427 140.388583"
"namco郡山西部プラザ","福島県 郡山市 西ノ内 2-11-35　西部プラザ1F","LerDsgV_zT09znfpLJPavw","37.40731 140.362775"
"ゲームプラザAGS","福島県 郡山市 西ノ内 2-11-40　イトーヨーカドー郡山店4F","HeuCIqNusBxDOqRT16CXLw","37.407428 140.364183"
"タイトーFステーション郡山オリエントパーク","福島県 郡山市 郡山市安積町荒井字大久保 35-1","Y5fsE_KVXSsqmS737uyxJQ","37.374476 140.348755"
"キッズパーク ザ・モール郡山","福島県 郡山市 長者 1-1-56　ザ・モール郡山2F","7Fyb2DOC5bIvPhuV8kQJKw","37.397776 140.369977"
"タイトーFステーション郡山アティ","福島県 郡山市 駅前 1-16-7　郡山アティ7F","AXfoSmK_0m9hl_3P20KbzA","37.397011 140.387506"
"ドリームファクトリーいわき","福島県 いわき市 中央台飯野 4-1","gaC4YBRVKxYRzTypJslqOQ","37.01247 140.916591"
"GiGO 勿来","福島県 いわき市 勿来町四沢 字鍵田13","F9_qUdYhDZ2Acd7ZGKEXFg","36.889072 140.784563"
"モーリーファンタジーいわき小名浜","福島県 いわき市 小名浜 字辰巳町79　イオンモールいわき小名浜　イオンスタイルいわき小名浜4F","TOHSIzHOPIOx2w_ob98OKg","36.946737 140.903048"
"嶺宝スポーツセンター","福島県 いわき市 小名浜住吉字折返 2-2","5pBipzAfXEIsyOD1QlAhQQ","36.97424088 140.890558"
"ソユーゲームフィールド小名浜","福島県 いわき市 小名浜字辰巳町 79　イオンモールいわき小名浜3F","UjlPMy6p6ro7OTXCHc4EUQ","36.946819 140.903794"
"GiGO 小名浜","福島県 いわき市 小名浜林城字塚前 18-1","qLjL0rLIK4XMo3RpTBoAhA","36.98586867 140.8970726"
"スパリゾートハワイアンズゲームコーナー","福島県 いわき市 常磐藤原町蕨平 50　スパリゾートハワイアンズ　アミューズメント館1F","CjO4ZQy8KkhmR3bbykQzag","36.993723 140.81628"
"アミューズパークいわき","福島県 いわき市 常磐関船町 宮下4-1","Wgf8j8JoqaWvp8mJzv5dig","36.99362 140.862457"
"アミューズパークいわき神谷","福島県 いわき市 平下神谷 字馬洗7-1","091nGfzhmTxBOp_zn3VW_g","37.065266 140.942631"
"モーリーファンタジーいわき","福島県 いわき市 平字三倉 68-1　イオンいわき店3F","XIHnYZhU7DCO9w-xlEzhtA","37.051081 140.898186"
"あひるのたまごヨークベニマル泉","福島県 いわき市 泉町滝尻 字折返57　ヨークベニマルいわき泉店内","q05hJzphFtBRJWOw_o4vRQ","36.953677 140.861317"
"らくだのせなか鹿島エブリア","福島県 いわき市 鹿島町米田字日渡 5　鹿島エブリアSC2F","DIcyUH-6egpNdOH257-5zw","36.993729 140.905107"
"GiGO 白河","福島県 白河市 新高山 1-1　メガステージ白河内","x2HwmmxrvyUI2qrh0vqriA","37.11931521 140.1944139"
"モーリーファンタジーベイシア白河","福島県 白河市 老久保 28　ベイシア白河モール1F","1x7jHuiUAjbwrXsqfgMIWA","37.116817 140.1995"
"あそびのくにベイシア白河モール","福島県 白河市 老久保 28　ベイシア白河モール店内","Ks9NrVo6MeC3RFMhBY5f4Q","37.116817 140.1995"
"ソユーエンターテイメントスタジオ須賀川","福島県 須賀川市 古河 105　イオンタウン須賀川B棟内","fziAI9CM4cCpovH-4bsHvw","37.2973819 140.3851589"
"アミューズパーク須賀川","福島県 須賀川市 大黒町 150-1","cElSOXX5C00UAOrBL35-1w","37.285626 140.368694"
"PALO喜多方","福島県 喜多方市 押切南 2-42-1　リオン・ドールガーデンスクエア喜多方西店1F","mtDAklLFr_8sHRHdll1Guw","37.646807 139.859592"
"ベイシア安達店あそびのくに","福島県 二本松市 油井 字福岡140　ベイシア安達店内","OJGpkZADB3n7VvzlpSA9ew","37.613144 140.462814"
"G3ポロス原町","福島県 南相馬市 原町区北原字本屋敷 188","oAmUMP8Ln7VHjwZIoLaGBA","37.6268239 140.9879456"
"モーリーファンタジー南相馬","福島県 南相馬市 原町区大木戸 金場77　イオンスーパーセンター南相馬店1F","8b4WJbKW0ggd-kuCnbsx-g","37.636916 140.942926"
"SUPER CENTER PLANT-5 大玉","福島県 安達郡大玉村 大山 字仲江271","NytTtbBpDg8dX_WPj__q2Q","37.541653 140.395415"
"モーリーファンタジー鏡石","福島県 岩瀬郡鏡石町 桜岡 375-9　イオンスーパーセンター鏡石店1F","t9JNreSOz5ejNvH4GxT8-Q","37.242475 140.333693"
"あひるのたまごヨークベニマル猪苗代","福島県 耶麻郡猪苗代町 梨木西 92　ヨークベニマル猪苗代店内","sb0V4aQ5oF-CfWkKvS_-Lw","37.557319 140.111237"
"モーリーファンタジー白河西郷","福島県 西白河郡西郷村 小田倉 字岩下11-1　イオン白河西郷店2F","XmaHczrMZUc5ZpNoXigT8g","37.121686 140.177334"
"ゲームスペースA-3","福島県 西白河郡西郷村 豊作西 15-16-17","tLJt-tavBjx8KLsvVDItjw","37.124556 140.182612"
"ファンタジープラザ上水戸","茨城県 水戸市 上水戸 2-9-10　MEGAドン・キホーテ上水戸店2F","QTGxn-5rHnGnDxgrSwFfpg","36.389597 140.445339"
"ユーズランド水戸内原","茨城県 水戸市 中原町字西 135　イオンモール水戸内原2F","_g5tCiEcek4HvS-ihNY16Q","36.37417402 140.3581846"
"モーリーファンタジー水戸内原","茨城県 水戸市 内原 2-1　イオンモール水戸内原　イオンスタイル水戸内原3F","xa0V9TVff8A2P3ZJAEK4-w","36.374187 140.358583"
"GiGO 水戸南","茨城県 水戸市 千波町 2017-1","rXgpDY6mBvjKVRnKMNDeJg","36.350325 140.443"
"スタジオプリモマイム水戸","茨城県 水戸市 宮町 1-2-4　マイムビル1F","bbToLo77NgEAmfChwME2oA","36.371478 140.477426"
"プレビ水戸オーパ","茨城県 水戸市 宮町 1-7-33　水戸オーパ7F","sYSOVTL5jR8BEl9kK-QKZA","36.370141 140.475532"
"GiGO 水戸","茨城県 水戸市 宮町 1-7-44　コムボックス310　3F","wbKyBbhZD59HxXxkYtv_Qg","36.36947456 140.4745924"
"ピンクパンサー水戸赤塚","茨城県 水戸市 河和田 1-1　フレスポ赤塚内","yMBpwqcfAVjAJaAR3l4hsw","36.380442 140.413753"
"ピンクパンサー水戸けやき台","茨城県 水戸市 酒門町 3276-1","9XdXvZUDOxayyrQE9XdDsQ","36.33817578 140.4833606"
"こころっこ日立SC","茨城県 日立市 幸町 1-16-1　日立SC5F","jksWdWF9g-Je2PNYWdun0A","36.591805 140.659016"
"ゲームメガ日立","茨城県 日立市 東多賀町 5-10-10","K1ayfp5EoDzSrYuog3IIAQ","36.5481989 140.6305361"
"プレビ SEA MARK SQUARE","茨城県 日立市 東滑川町 5-1994番外24筆　SEA MARK SQUARE 1Fプレビアミューズメント","_1pnZUC7qsnqhI2zfpqUPw","36.617025 140.678727"
"GiGO 日立","茨城県 日立市 田尻町 3-26-1","1IjXB4Zb0TGvPxp3ANdScg","36.626431 140.669858"
"楽市楽座イオンモール土浦","茨城県 土浦市 上高津 367　イオンモール土浦3F","YmDok7_nwCAfbcpYkOIpaw","36.080088 140.180855"
"モーリーファンタジー土浦","茨城県 土浦市 上高津 367　イオンモール土浦　イオン土浦店3F","gM9tv_-XisjW-sS1-gwUKA","36.080088 140.180855"
"ゲームパニックつくば","茨城県 土浦市 中村東 1-1-1　サンタスワールド内","XFQ_G4-d_K3a0Db8O1iZjg","36.0463834 140.1682228"
"ピンクパンサー土浦","茨城県 土浦市 木田余 4585-3","JaUX-5pTmloYJdl7Yd6cAA","36.106546 140.215198"
"GAME PADDOCK +1 古河本店","茨城県 古河市 小堤 1916-1","62bBOi7u402l3nF-bOVfCA","36.2067383 139.7578697"
"モーリーファンタジー古河","茨城県 古河市 旭町 1-2-17　イオン古河店2F","sGsxG8zTT7SISmcmjjqysQ","36.197161 139.719998"
"FESTA古河","茨城県 古河市 松並 2-18-10　マーケットシティ古河内","mBw6fC91BMnfGnn4PLdjZw","36.20972339 139.7096372"
"ゲオ三和","茨城県 古河市 諸川 1224","3OEef_lK3z7yirUFApZVpA","36.201357 139.814027"
"ファミリーらんどDORA古河","茨城県 古河市 雷電町 1-18　SCあかやまJOY1F","0TJ7djU1J0cQ6x1iZci1XA","36.198802 139.712896"
"GiGO 石岡","茨城県 石岡市 東大橋中峯 1976-1","fRUrzSGG9AfDGZHO4mjIOQ","36.198491 140.303403"
"プレビ龍ケ崎サプラスクエア","茨城県 龍ケ崎市 小柴 5-1-2　龍ケ崎サプラスクエア1F","WcZ6Y9k1dYhbjF6njnPjqg","35.932833 140.160255"
"GiGO 龍ヶ崎","茨城県 龍ケ崎市 藤ケ丘 4-2-8","Lkc1Il7ZEcHYackoIXwwoQ","35.938539 140.195942"
"タイトーFステーションイオンモール下妻","茨城県 下妻市 堀篭 972-1　イオンモール下妻2F","LdNQhIlViPKq9UVQ0n5CYw","36.189545 139.990167"
"モーリーファンタジー下妻","茨城県 下妻市 堀篭 972-1　イオンモール下妻　イオン下妻店2F","gbgmUxABk_K2bFINRoq1xQ","36.190046 139.989722"
"ピンクパンサー下妻","茨城県 下妻市 小島 884-10","vGQL5lljBuhfQ2Hh0SzFhw","36.1702653 139.9665309"
"スコナランド石下","茨城県 常総市 本石下 4421-1　メガセンタートライアル石下店2F","db6akNis2Uz2BUTiVU92gA","36.120134 139.97563"
" ファミリーランドあそびのくにベイシア高萩モール","茨城県 高萩市 下手綱 字ヤワコ田1058　ベイシア高萩モール内","4mIP0L0sZxL8IaC9WhGs2Q","36.727917 140.7162"
"モーリーファンタジー高萩","茨城県 高萩市 安良川 231-1　イオン高萩店2F","t-WEkaN0nx_4VTH0XDeXCA","36.70586 140.708008"
"アミューズメントPLABIヨークベニマル友部東平","茨城県 笠間市 東平 3-1-45　ヨークベニマル友部東平店内","41RVpfKuZ5nAczgdxvAiyg","36.34902 140.315291"
"ジャングルパーク笠間","茨城県 笠間市 赤坂 8　笠間SCポレポレシティ1F","yazxM7lgbzfa8AmnfGW_Aw","36.391483 140.251656"
"エスカード牛久","茨城県 牛久市 牛久町 280　エスカード牛久1F","tFfbUf1V6Av-UZ3OoI6Fvg","35.975322 140.139999"
"タイトーFステーショントナリエクレオつくば","茨城県 つくば市 吾妻 1-7-1　トナリエクレオ3F","zfq1tR3AZ7kmi3TWjyeQqA","36.080507 140.111716"
"ゲームメガつくば","茨城県 つくば市 小野崎 177-2","WcB6IFKDfNQ9yjrw-yDmmg","36.076851 140.104738"
"namco iiasつくば","茨城県 つくば市 研究学園 5-19　iiasつくば2F　2190","j-GumtYAhLjBqLdQLmW4uw","36.086429 140.083812"
"namcoイオンモールつくば","茨城県 つくば市 稲岡 66-1　イオンモールつくば3F","PoVhCicZ62AO-71Lc7SSQg","36.033661 140.132054"
"モーリーファンタジーつくば","茨城県 つくば市 稲岡 66-1　イオンモールつくば　イオンつくば店3F","6cti6duG5G1RxU7PgrilHw","36.034556 140.132766"
"AMジャムジャムつくば","茨城県 つくば市 竹園 1-9-2　デイズタウンつくば店B1F","MnF0TU6vrloupk3B4aHxgw","36.077729 140.115332"
"ジョイフル本田ひたちなかアミューズパーク","茨城県 ひたちなか市 新光町 34-1　ジョイフル本田ニューポートひたちなか店内ゲームコーナー","BXF9jlUuyKwdOcLX8urBtQ","36.407684 140.586066"
"アミューズビバ","茨城県 ひたちなか市 東大島 2-11-11","Cz3v_rXOoVSa-g4KlBeUqw","36.4064056 140.5319734"
"AMジャムジャムひたちなか本店","茨城県 ひたちなか市 田中後 40-2","AD-vAiaaPjood6cwovX3zQ","36.34759115 140.5803412"
"プレビ勝田パークボウル","茨城県 ひたちなか市 田彦 1600　勝田パークボウル","AhYuzq2MF70RRUEKcKOKEw","36.408981 140.512362"
"宝島勝田","茨城県 ひたちなか市 石川町 1-1　MEGAドン・キホーテ勝田店2F","Jkv_RnfGgscl4QmStZBVeA","36.393112 140.527458"
"あそびのひろば鹿嶋","茨城県 鹿嶋市 宮中 290-1　SCチェリオ1F","pd1_A4jFs8qZQl09-KtrNg","35.9596093 140.643938"
"ソユートイズニューヨーク守谷","茨城県 守谷市 百合ケ丘 3-249-1　イオンタウン守谷2F","77Io6utltUhLvaV4W8RRPA","35.944794 139.990601"
"プレビ常陸大宮ショッピングセンターピサーロ","茨城県 常陸大宮市 下村田 2387　常陸大宮SCピサーロ2F","4NgzHLERfK1RbLfrJN14uw","36.522552 140.430553"
"アピナ下館","茨城県 筑西市 玉戸 1012-3","CeVSNJY_jWlK0ZkcyDx9ag","36.2954726 139.9456716"
"タイトーFステーションヨークタウン坂東","茨城県 坂東市 辺田 1104-1　ヨークタウン坂東内","KadOrO0owGzE2g8IKFlOTA","36.037624 139.892245"
"ハローズガーデン江戸崎","茨城県 稲敷市 江戸崎甲 4836　江戸崎SCパンプ1F","CVPpPlVbhAjXVBNHxrS2iw","35.959175 140.315908"
"GiGO 霞ケ浦","茨城県 稲敷市 西代 1473-1","zRDPyUuUAsBJzaPB6Ln83Q","35.918332 140.484811"
"モーリーファンタジー佐原東","茨城県 稲敷市 西代 1495　西代SCパルナ2F","QF1_-d-VJG6_02tSguzTmw","35.91754 140.488984"
"タイトーステーション佐原東","茨城県 稲敷市 西代 1495　西代SCパルナ2F","Boi066yMI0mRmmSwZhc4GQ","35.918566 140.488147"
"AMジャムジャム神栖","茨城県 神栖市 神栖 1-8-1","x7UM6O4U846Ela90n712GA","35.897995 140.644409"
"ベイシア玉造","茨城県 行方市 玉造甲 642-1　ベイシア玉造店1Fゲームコーナー","FkHFp1jAXu8q8sK6Mu-utw","36.101133 140.415865"
"スコナランド行方","茨城県 行方市 麻生 3288-50　セイミヤモール麻生店1F","I8rbznwxlqZgVacStFjipA","36.01811 140.49936"
"ゲームメガみらい平","茨城県 つくばみらい市 陽光台 1-14-1","w8lncyCFzu8UwI3wKHFvOQ","35.99562046 140.0408041"
"タイトーステーションイオンタウン水戸南","茨城県 東茨城郡茨城町 長岡 3480-101　イオンタウン水戸南内","_0i3SBm8Z6dqxjAkfi7x9g","36.310779 140.441215"
"モーリーファンタジー東海","茨城県 那珂郡東海村 舟石川 駅東4-1-1　イオン東海店2F","M-_PhmceVEAwTgV4UHZWOQ","36.463297 140.566727"
"BOOKOFF SUPER BAZAAR荒川沖","茨城県 稲敷郡阿見町 住吉 2-8-7","2xvxyMMr0tS4G99taYKR_w","36.036082 140.173928"
"HapipiLand阿見","茨城県 稲敷郡阿見町 阿見 2958　マイアミSC2F","bX5adu3Xz5DhGqyVprkkJw","36.042469 140.209779"
"ドリームファクトリーVuiVui","茨城県 猿島郡 境町 1327-1　MGMパワーセンター1F","MMrnyo2JZEQnll9a2AWpGw","36.111759 139.796265"
"テクモピアロックダムインターパーク","栃木県 宇都宮市 インターパーク 6-1-1　FKDショッピングモールインターパーク店2F","xLIm2vH5JZ5z7LAYjnRUAA","36.489939 139.906432"
"INTER PARK +1 宇都宮","栃木県 宇都宮市 インターパーク 6-5-1","UTPef_LlHWCAFOVSx28fIg","36.48806609 139.9055994"
"テクモピアパルテロン宇都宮","栃木県 宇都宮市 今泉町 237　FKDショッピングプラザ宇都宮店2F","b8sRsqR7yu7VHl8flOh4gg","36.574274 139.900565"
"ジャンボリー御幸ヶ原","栃木県 宇都宮市 御幸ケ原町 50-1　ヨークベニマル御幸ヶ原店内","S-tXTiPP5CTmmQI8Mxq5Lg","36.592374 139.927889"
"スタジオプリモ宇都宮","栃木県 宇都宮市 曲師町 2-8　宇都宮フェスタB1F","1WIrJYGKHgCrgm06F3R9iQ","36.560392 139.884618"
"GiGO 宇都宮","栃木県 宇都宮市 東宿郷 5-1-7","2t-StJ4o_M2WOXC6ZdHAaw","36.558171 139.908818"
"ファンタジーランドガルー宇都宮","栃木県 宇都宮市 江曽島本町 22-7　ドン・キホーテ アピタ宇都宮店2F","auhtSOLkowQN5e8lH3Ug6g","36.531592 139.866909"
"ラウンドワンスタジアム宇都宮","栃木県 宇都宮市 江曽島町 2072-1","MEoJUMhO2nzheEonB5tG9g","36.5406864 139.8868934"
"スコナランドトライアル宇都宮","栃木県 宇都宮市 睦町 5-5　スーパーセンタートライアル宇都宮店1F","9qDyooSBXQBKTX8oTAHvKw","36.561489 139.862275"
"シーサイドリゾートアミューズメントパーク","栃木県 宇都宮市 睦町 7-3","gfET2IVPg9C2UVG3MZopRg","36.563139 139.860275"
"namco宇都宮","栃木県 宇都宮市 簗瀬町 1606-1　フェドラP＆D UTSUNOMIYA","_g-SvYkTDpr5BDyxNSVuLg","36.543863 139.891566"
"タイトーステーション宇都宮ベルモール","栃木県 宇都宮市 陽東 6-2-1　ベルモール宇都宮2F","ENvVOJTN8qF1QVKlfkNWvg","36.556028 139.928145"
"スコナランド宇都宮","栃木県 宇都宮市 馬場通り 2-3-12　MEGAドン・キホーテ　ラパーク宇都宮店B1F","_2nXsUmby1KF7hRvu9L9dQ","36.560728 139.8852"
"タイトーFステーショントナリエ宇都宮","栃木県 宇都宮市 駅前通り 1-4-6　トナリエ宇都宮B1F","LjLwBiEaiUDLta2klJd8Mg","36.560464 139.896997"
"アドアーズアシコタウンあしかが","栃木県 足利市 大月町 3-2　アシコタウンあしかが内","vA1qJBLhfZ1Gi7UleDA_yA","36.33664 139.477907"
"PALO足利","栃木県 足利市 朝倉町 2-21-16　ヨークタウン足利1F","dEmi_Tqj5_MSPbPSAfT6cg","36.316444 139.445192"
"ドラマ足利","栃木県 足利市 朝倉町 244-1","fn9ryXEPvQ9F4MBQXpOpbg","36.32231745 139.4502997"
"ファンファン足利","栃木県 足利市 朝倉町 245-5　コムファーストSC4F","bCXckt3RPqaizuLJ28yAlQ","36.320287 139.44956"
"namcoイオン栃木","栃木県 栃木市 箱森町 37-9　イオン栃木店2F","bSZxwq-PLB-5nYozhEgcbQ","36.39504 139.724023"
"アミパ佐野","栃木県 佐野市 茂呂山町字茂呂山 5-1","g5Z6C5pz-nNqzXIoJSszzQ","36.295019 139.594796"
"タイトーステーションイオンモール佐野新都市","栃木県 佐野市 高萩町 1324-1　イオンモール佐野新都市2F","laGqjJwfYSWARE19EPrluQ","36.299138 139.606275"
"モーリーファンタジー佐野新都市","栃木県 佐野市 高萩町 1324-1　イオンモール佐野新都市　イオン佐野新都市店2F","Z5EhQWpDaBuu3NfU9xL-RA","36.299138 139.606275"
"namcoフェドラP＆D佐野","栃木県 佐野市 高萩町 1340　フェドラP＆D SANO","ss8fdK3dVVcVRcqXiY5gug","36.2973161 139.6056474"
"テクモピア鹿沼","栃木県 鹿沼市 東末広町 1073　福田屋鹿沼店3F","c9H5QQw_mAl1T10bG99sHQ","36.565335 139.752996"
"ドリームファクトリーアロハ！","栃木県 鹿沼市 睦町字川西城下 287-1","RncuMhSpC3N7I7WBVOdQ-Q","36.57086 139.752368"
"GiGO 日光","栃木県 日光市 芹沼 1448-1","i6KvwNZ9lac-gO0ACR8UDw","36.741095 139.71014"
"モーリーファンタジー今市","栃木県 日光市 豊田 79-1　イオン今市店2F","aDBqqXe42K-gEhrWi1g3hg","36.730705 139.703592"
"ラスベガス","栃木県 日光市 鬼怒川温泉滝 813　あさやホテル内ゲームコーナー","hbgRDWwkkzN2SF0wwP1daA","36.835224 139.719821"
"KOKADOタウン小山","栃木県 小山市 中久喜 1467-1　イオンモール小山2F","T4TAS_HtpOKW08UdJBuQ-A","36.322077 139.840966"
"モーリーファンタジー小山","栃木県 小山市 中久喜 1467-1　イオンモール小山　イオン小山店2F","rtKE4BG4zHMdtu2pSn-2hw","36.32214 139.840901"
"namcoロブレ小山","栃木県 小山市 中央町 3-7-1　ロブレ小山店4F","jY7ipNdZCnJ-biCwugihLw","36.31255 139.804928"
"タイトーFステーション小山","栃木県 小山市 喜沢 1475　おやまゆうえんハーヴェストウォークSC棟","TWYl5BaiDMrpcdAX5fCnqw","36.33242739 139.8083774"
"タイトーFステーションVAL小山","栃木県 小山市 城山町 3-3-22　VAL小山駅ビル3F","cg6iHFOxZhegV1Byf6rgYg","36.313872 139.806539"
"ゲオ間々田","栃木県 小山市 大字間々田 807","XugDPtuJnhvTbPE4u832hA","36.272963 139.771558"
"GiGO 小山","栃木県 小山市 東城南 1-1-18","_kXIzwJDJeKkZDTFc-qk2w","36.298977 139.810164"
"アピナ小山","栃木県 小山市 駅南町 4-27-18","FWitkfTpwGL8B5ugE2Gfkg","36.30007276 139.8090506"
"ゲオ並木","栃木県 真岡市 並木町 4-6-23","bvmTyS1BqdKJ_23ycJMreg","36.44554639 140.0014715"
"モーリーファンタジー真岡","栃木県 真岡市 台町 2668　イオンタウン真岡　ザ・ビッグエクストラ真岡店1F","mdv07MKPuMKpUh6CSQUANQ","36.432607 140.00167"
"大田原カーニバル","栃木県 大田原市 美原 1-3537-2　東武宇都宮百貨店大田原店3F","6-U5GRbq5npjG4tEC6NG3g","36.862163 140.009217"
"ファミリーランドあそびのくにベイシア矢板","栃木県 矢板市 末広町 25-1　ベイシア矢板店2F","8czOe_pxZIIazhxBHi70Fw","36.804079 139.934337"
"大田原スポーツランド","栃木県 那須塩原市 一区町 104-60","yCMkVwXEq6Ps9uiP3MnJlA","36.85188721 139.9932969"
"GiGO 西那須野","栃木県 那須塩原市 南郷屋 2-106-27","mPF57C_b4lZmMcWcOIv0KA","36.895119 139.982238"
"モーリーファンタジー那須塩原","栃木県 那須塩原市 島方 455　イオンタウン那須塩原　ザ・ビッグエクストラ那須塩原店1F","mc3miIk5cxCeXCe9BG8sPw","36.929083 140.006057"
"ベイシア那須塩原店あそびのくに","栃木県 那須塩原市 緑 2-1155-11　ベイシア那須塩原店内","vDumwGEkeLidIeIPTpkquQ","36.869098 140.000887"
"ファンファン那須塩原","栃木県 那須塩原市 豊浦 12-1　スーパービバホーム那須塩原店C棟","6I6Mc4GZi-EcMHLp17manA","36.954385 140.054141"
"モーリーファンタジーさくら","栃木県 さくら市 櫻野 1551　イオンタウンさくら　ザ・ビッグエクストラさくら店1F","-7dm9HLmPzRsIwxfKLy3Yg","36.689675 139.979119"
"あそびのくにベイシアさくら氏家","栃木県 さくら市 氏家 725　ベイシアさくら氏家店内","uvKS0MPb130WBKdi7zTMrQ","36.666743 139.960243"
"ベイシア鳥山店あそびのくに","栃木県 那須烏山市 城東 1883-2　ベイシア鳥山店内","7XRq7o2ju7biU5oe1OJZbg","36.660052 140.158848"
"PALO石橋","栃木県 下野市 下古山 3362-1　ヨークタウン石橋内","jUVfFOw3a7FI32qyavZE8Q","36.46874194 139.8693681"
"ホテルサンバレー那須","栃木県 那須郡那須町 大字湯本 203","1EBJktb5tBk-EVEi8eHvHA","37.086395 140.004604"
"ホテルエピナール那須ゲームプラザ","栃木県 那須郡那須町 高久丙 1　ホテルエピナール那須　アネックスタワー1F","uMj_0p61zgCZF3uBfn7VbA","37.049662 140.023788"
"ゲームパークM-1","群馬県 前橋市 国領町 2-13-6","kSW1Y9BzWQvnPWpvE-eKzA","36.4052211 139.0658829"
"タイトーFステーション前橋リリカ","群馬県 前橋市 国領町 2-14-1　前橋リリカ2F","uSwWhcZt0DVWYF088YOqUg","36.404624 139.068074"
"ラウンドワンスタジアム前橋","群馬県 前橋市 天川大島町 1101-1","sKgkm07ZPwkoEF0po-_Sgg","36.36873161 139.1052282"
"モーリーファンタジーガーデン前橋","群馬県 前橋市 小屋原町 472-1　ガーデン前橋1F","djW7X4TNqkZ4M5C8AyaXqQ","36.355965 139.12981"
"namcoけやきウォーク前橋","群馬県 前橋市 文京町 2-1-1　けやきウォーク前橋2F","oE00YUZI5N5dzACSDqEmxQ","36.379141 139.078086"
"ハローズガーデン前橋","群馬県 前橋市 文京町 2-1-1　けやきウォーク前橋　アピタ前橋店2F","YjFrAYCsZ0RwhObnXw4ozQ","36.378344 139.078508"
"カインズ前橋みなみモール","群馬県 前橋市 新堀町 18　パワーモール前橋みなみ　カインズ前橋みなみモール店1Fゲームコーナー","_pMwfAQ6y_d0dXRh61YGdw","36.330201 139.094743"
"THE 3RD PLANET 高崎","群馬県 高崎市 下和田町 5-3-8　メディアメガ高崎店内","7zepe_DoZspsrRTuqsgFuw","36.31902394 139.0139472"
"namcoアカマル","群馬県 高崎市 中尾町 44-1　アカマル2F","-bOzFEzhPEQBW-uWW-DNmA","36.375658 139.033488"
"モーリーファンタジー倉賀野","群馬県 高崎市 倉賀野町 4691-1　MrMax倉賀野店1F","M1vJ4cbyz_msE56uqs4Lbw","36.300264 139.056204"
"タイトーFステーション高崎オーパ","群馬県 高崎市 八島町 46-1　高崎オーパ7F","NZA9FPLxh-yEP9rLsnd5yg","36.323081 139.011073"
"ユーズランド高崎","群馬県 高崎市 棟高町 1400　イオンモール高崎2F","NhSyeJhLsnR1dZ5-Tuk7kA","36.39042123 139.0066946"
"モーリーファンタジー高崎","群馬県 高崎市 棟高町 1400　イオンモール高崎　イオン高崎店3F","3JEJSqhCbp3TU7po09qYyg","36.390476 139.006536"
"パークレーン高崎","群馬県 高崎市 歌川町 8","MYT6DT-RjOdlodNX2DjN1g","36.331535 138.995728"
"群馬レジャーランド高崎駅東口","群馬県 高崎市 江木町 333-1　高崎EXビルB1・2F","ia42VZ7HlUikAtkExT3ysg","36.32988076 139.0129173"
"ハローズガーデン高崎","群馬県 高崎市 矢中町 字渕ノ内668-1　アピタ高崎店2F","kcJUl2Sto2Ejto07t8uTUw","36.309821 139.054213"
"宝島桐生","群馬県 桐生市 永楽町 5-10　MEGAドン・キホーテ桐生店3F","_be-VrLebEWDpiDGQTZ2PQ","36.412494 139.335855"
"ハローズガーデン伊勢崎東","群馬県 伊勢崎市 三室町 5330　MEGAドン・キホーテUNY伊勢崎東店2F","g112bo2yWZ6A9uV233F8sQ","36.32903 139.233627"
"namco伊勢崎","群馬県 伊勢崎市 宮子町 3402-6","jmDC7RABYKvH41Jainsc-w","36.33024 139.164584"
"ベイシア西部モール","群馬県 伊勢崎市 宮子町 3423-15　スーパーモールいせさき　ベイシア西部モール店内ゲームコーナー","yd_YBwF4p8eipgMyY3Klwg","36.331251 139.161962"
"インターワールド伊勢崎","群馬県 伊勢崎市 宮子町 3425-4","003QXzgM3C5ak69pcb4vzg","36.331521 139.162503"
"モーリーファンタジーミスターマックス伊勢崎","群馬県 伊勢崎市 宮子町 3556-1　ハイパーモールメルクス伊勢崎　MrMax伊勢崎店1F","dwaIM1EHqQ12_vryaJ0RMw","36.329823 139.150984"
"GiGO スマーク伊勢崎","群馬県 伊勢崎市 西小保方町 368　スマーク伊勢崎内","IOLmVLjOxD9LBBeoA5dnrg","36.339174 139.233043"
"スコナランド伊勢崎","群馬県 伊勢崎市 連取町 1507　メガセンタートライアル伊勢崎中央店2F","-qKWxUBrbPX9X6fKii8yhg","36.316443 139.181725"
"群馬レジャーランド伊勢崎","群馬県 伊勢崎市 連取町 3066-1","CKGHWsk5yZdwkIBFD-bnzw","36.3182978 139.1723371"
"アピナ太田","群馬県 太田市 内ケ島町 907-1","7-QNLLbClqAm9Y6jjNHSLQ","36.2829707 139.3984248"
"薮塚バッティングセンター","群馬県 太田市 大原町 2256-6","qNI19ZmZG7w3_kcVbO2hrw","36.359495 139.269913"
"こころっこ新田","群馬県 太田市 新田市野井町 592-13　ニコモール新田店1F","Brmteacpx5Z1pNlvZc4mLA","36.303839 139.30178"
"ユーズランド太田","群馬県 太田市 石原町 81　イオンモール太田2F","zPaaLkEoA0kLoJ0yC8oNAg","36.2940458 139.4004428"
"群馬レジャーランド太田","群馬県 太田市 西矢島町 162-2","KUvPBUY7vbZHDNq5haQlTQ","36.26805624 139.3759489"
"GiGO 太田","群馬県 太田市 西矢島町 575","oBLhWV0P3L4IltB5Id6Tbw","36.274554 139.378084"
"ベイシア太田","群馬県 太田市 飯塚町 626-1　ベイシアおおたモール店内","-0dsb6J27Ux56mW7Yn1qKQ","36.276535 139.385028"
"GiGO 沼田","群馬県 沼田市 下久屋町 1100-1","yTVDwS1IITbv9kcNUo2MGQ","36.656776 139.078069"
"GiGO 館林","群馬県 館林市 小桑原町 949-1","-5kocSRl5OXnzTnK-3pUxw","36.235221 139.520329"
"ファンタジーランドガルー館林","群馬県 館林市 楠町 3648-1　アゼリアモールB館2F","1kBM8M5NsHgQIV2bSDrx0w","36.242486 139.568919"
"関東スポーツセンター","群馬県 館林市 近藤町 840","wbPebUNndmQ6Tt6Eg-Pwjw","36.24129072 139.5000905"
"群馬レジャーランド渋川","群馬県 渋川市 八木原 1364","sJrFI2wwg9TzeRk5UF9j8A","36.4742725 139.0153529"
"ベイシア渋川店あそびのくに","群馬県 渋川市 行幸田 字砂田296　ベイシア渋川店2F","CV8OJhBN8qVfCxRxxAT4mQ","36.472269 139.000113"
"渋川スカイランドパーク","群馬県 渋川市 金井 2843-3","wqsCZGG--BELWvBA-QAp8A","36.504717 138.961818"
"群馬レジャーランド藤岡","群馬県 藤岡市 中 2002-1","0vb1o0ASWfpswitcQmhDZg","36.27435334 139.0720868"
"ベイシア富岡店あそびのくに","群馬県 富岡市 黒川字中才 650　ベイシア富岡店内","cix_-_Xk3gxBOWw0iHf74w","36.261029 138.866287"
"宝島大間々","群馬県 みどり市 大間々町大間々 40　さくらもーる2F","br73ETTIPX8GAQ3NZhET4A","36.413542 139.281379"
"アピナ吉岡","群馬県 北群馬郡吉岡町 大久保 364-1　ジョイホンパーク吉岡2F","-JN-mvjKnfv-WQGcZibHzw","36.435501 139.018599"
"ベイシア吾妻","群馬県 吾妻郡東吾妻町 原町 5081　ベイシア吾妻店内ゲームコーナー","Ar7ohCEHZ80fBDabNZ4nJw","36.573086 138.82225"
"ベイシア月夜野モール店あそびのくに","群馬県 利根郡みなかみ町 下牧 482　ベイシア月夜野モール店内","-ZuXJuaIDbqNxt9d5v32Eg","36.694379 138.988498"
"プレビジョイフル本田千代田","群馬県 邑楽郡千代田町 萱野 813-1　ジョイフル本田千代田店内2F","F3Oo_SP3AxLfh0dpmhm--g","36.206839 139.472963"
"GIGA与野本町","埼玉県 さいたま市中央区 本町東 1-3-18","4b2qh2_ExyKbuyoML6mi_Q","35.879735 139.626431"
"GiGO イオンモール与野","埼玉県 さいたま市中央区 本町西 5-2-9　イオンモール与野3F","UIBwtuAweprFCr5cK2SnEA","35.890633 139.615102"
"モーリーファンタジー与野","埼玉県 さいたま市中央区 本町西 5-2-9　イオンモール与野　イオン与野店3F","nX98a15ijm4bu01Ayvq3-A","35.891392 139.614597"
"namcoステラタウン","埼玉県 さいたま市北区 宮原町 1-854-1　ステラタウン3F","QhDMCE96TWgrMvcO3WbClA","35.933125 139.623021"
"モーリーファンタジー大宮","埼玉県 さいたま市北区 櫛引町 2-574-1　イオン大宮店3F","tULbH59CA-kBfMqzT21j_A","35.923395 139.6098"
"GIGA武蔵浦和本店","埼玉県 さいたま市南区 沼影 3-5-15","V1ptdqDQ1yWIu-7bWj_BQQ","35.837754 139.651071"
"キャラポートさいたま新都心","埼玉県 さいたま市大宮区 吉敷町 4-267-2　コクーンシティ　コクーン1西館1F","ImWj-9MwMrdiZFX9kjeR1w","35.894767 139.636064"
"タイトーステーション大宮","埼玉県 さいたま市大宮区 大門町 1-1","2Pq2E34sh4n2TEEzPzLKGg","35.907447 139.625597"
"埼玉レジャーランド大宮ラクーン","埼玉県 さいたま市大宮区 宮町 1-60　大宮ラクーン5F","2-ZDYt_Fcuu-UVW1DwQgPQ","35.907751 139.62568"
"ラウンドワン大宮","埼玉県 さいたま市大宮区 宮町 4-90-7","6nJT8mxp3yYvZkJ8AKgqRA","35.910828 139.62544"
"GiGO 大宮アルシェ","埼玉県 さいたま市大宮区 桜木町 2-1-1　大宮アルシェ5F","WneWKUhkqHC0lDjim0dGPA","35.906165 139.62202"
"タイトーFステーションダイエー大宮","埼玉県 さいたま市大宮区 桜木町 2-3　大宮西口共同ビル6F","4NYTs1lGuQSlOowf6A8VQw","35.90689 139.621793"
"ウェアハウス岩槻","埼玉県 さいたま市岩槻区 加倉 3-3-63","h4fcJ9ZI0k5FJ7qqywjs8Q","35.94112413 139.6860766"
"ゲームパークエムランド岩槻","埼玉県 さいたま市岩槻区 本丸 3-20-53　マミーマート岩槻店2F","zLzpubcD53rgkcXZQcSrdQ","35.954808 139.707651"
"プレビダイエー西浦和","埼玉県 さいたま市桜区 田島 5-18-15　ダイエー西浦和店内プレビプレイランド","1YB0AKMJcuAR3-P-uXIhCg","35.844834 139.63027"
"アミューズメントクラブ浦和","埼玉県 さいたま市浦和区 仲町 1-10-7","nMBtCDhtP1SMCDZfjAEWbQ","35.86026 139.65354"
"プレイランドイオン北浦和","埼玉県 さいたま市浦和区 常盤 10-20-29　イオン北浦和店3F","4UpuRRuEko9fAB5C6lkcIA","35.87155 139.638599"
"宝島浦和原山","埼玉県 さいたま市緑区 原山 4-3-3　MEGAドン・キホーテ浦和原山店2F","XM4HVGhy_i5NznCZ9CSULw","35.871004 139.674499"
"モーリーファンタジー浦和美園","埼玉県 さいたま市緑区 大門 3710　イオンモール浦和美園　イオン浦和美園店3F","asB_K03x-MEaZ4RzAVovQg","35.891227 139.731012"
"ゲオ東浦和","埼玉県 さいたま市緑区 東浦和 1-5-8　ロイヤルヒルズ池田","1PMfiLdYg1bqcObl13XZgQ","35.864271 139.701877"
"宝島浦和美園","埼玉県 さいたま市緑区 美園 5-10-1　イオンモール浦和美園2F","9gA8qjfnB6G_AT6OVt-kzg","35.891227 139.731012"
"ゲームピコ大宮西","埼玉県 さいたま市西区 三橋 6-607-13　イオン大宮西店3F","MZXj2HnDPnvARJi77P_9ag","35.917994 139.589601"
"ウェアハウス三橋","埼玉県 さいたま市西区 三橋 6-955-1","lO2mhxIBCbIyCIbekHLzrg","35.91535858 139.5960617"
"HapipiLand東大宮","埼玉県 さいたま市見沼区 春野 2-8　パトリア東大宮店3F","XxizzrguPNU06Z0qT4SgSw","35.957055 139.659399"
"ベネクス川越","埼玉県 川越市 大仙波 340-1","NNuQk6SCfVZAFZrZPd5RMA","35.91486547 139.4988853"
"タイトーFステーションクレアモール川越","埼玉県 川越市 新富町 2-1-13　カシーラ本川越1～4F","8CEnPqb5aBkOw7SsKua_Qg","35.913826 139.482922"
"アミューズランドモナコ川越","埼玉県 川越市 新富町 2-4-1","RxPkqsWGYKNtmAsXsenl9A","35.913294 139.4831383"
"アピナ川越","埼玉県 川越市 泉町 1-1　ウニクス南古谷シネマ棟1F","H3g4aG5ERSpaAMu-7HBxHg","35.90371865 139.5159119"
"テクモピア川越","埼玉県 川越市 脇田町 4-2　ドン・キホーテ川越東口店3F","_kK2kAvNQYexS6DWIgEt0Q","35.909061 139.482915"
"ゲームパークエムランド籠原","埼玉県 熊谷市 新堀新田 523　マミーマート籠原店2F","uJiOnlaJUjPw1GEfiIsoLg","36.172844 139.32167"
"PALO熊谷","埼玉県 熊谷市 本石 2-135　イオン熊谷店3F","qnFFLlmNIN0NMyj5qQeU4Q","36.145371 139.378829"
"GiGO 籠原","埼玉県 熊谷市 美土里町 1-169","6bXlRU4i3BbjcGXVlFQu8A","36.17095 139.318256"
"ソユーゲームフィールド熊谷","埼玉県 熊谷市 銀座 2-245　SCニットーモール4F","MmT7JdEaQC8QpacWeuDASg","36.138788 139.39377"
"namco熊谷","埼玉県 熊谷市 銀座 2-97　カルパビル1F","9fmJxA7NeGBEPVqVHdrtww","36.13918306 139.3944669"
"ソユーゲームフィールド川口","埼玉県 川口市 並木元町 1-79　アリオ川口3F","NS6V4uuplRJHk-OL5fQvQA","35.807118 139.714135"
"楽市楽座イオンモール川口前川","埼玉県 川口市 前川 1-1-11　イオンモール川口前川3F","9kdzAXVJnY0Cf0zAIQI1tA","35.834186 139.707058"
"モーリーファンタジー川口前川","埼玉県 川口市 前川 1-1-11　イオンモール川口前川　イオン川口前川店3F","NgU4J1LkYRloHAbNfwM-hQ","35.833568 139.706795"
"モーリーファンタジー川口","埼玉県 川口市 安行領根岸 3180","e_Ya5hNcKDdPbxX-7-Tl-A","35.837593 139.722916"
"GiGO イオンモール川口","埼玉県 川口市 安行領根岸 3180　イオンモール川口2F","qgCK-f9IRThgAQghjYQK9Q","35.837593 139.722916"
"あそびライブラリー川口","埼玉県 川口市 宮町 18-9　ララガーデン川口2F","FuWJsuUFku8mXuGmr83vuw","35.805313 139.698477"
"アミュージアム川口","埼玉県 川口市 本町 2-7-25　ミエルかわぐち3F","RwaioHdbUWdJXK8zVXIQNw","35.801034 139.727363"
"GiGO 川口","埼玉県 川口市 東領家 2-2-10","-31bPvZ4m8BIzvcR3hlhig","35.794851 139.747529"
"ゲオ川口柳崎","埼玉県 川口市 柳崎 1-20-4","KtdIuQAIIHrAwQHupuEVfQ","35.85235 139.701739"
"ゲームシティ川口","埼玉県 川口市 栄町 1-10-5","Zx4QEqYhLyTlWyCEwRMEJQ","35.80255221 139.7256124"
"シルクハット川口","埼玉県 川口市 栄町 3-1-16　イート川口ビル4F","gYkGeizJ5wmDWrn8vD16zw","35.80296988 139.7175336"
"Secret Base Chichibu","埼玉県 秩父市 上野町 805-14　ウニクス秩父シネマ館1F","qDZMFtERUH0JbZ-G2iuiuA","35.995835 139.088744"
"キャロム所沢","埼玉県 所沢市 下安松 969-1","afT0uJiEZBi8fv800F56iA","35.79154406 139.5041478"
"スクウェアワンサイスポ","埼玉県 所沢市 南永井 1116　埼玉スポーツセンター内","q35U4o3AQU5RZfjLpgLiAg","35.823654 139.531412"
"アミュージアム所沢","埼玉県 所沢市 小手指台 23-1　マミーマート所沢山口店2F","83cjxeYtVShF75URCnGjKg","35.791814 139.442843"
"タイトーステーション所沢","埼玉県 所沢市 日吉町 3-7　スカイビュウビル1・2F","eKU1nQFDDWveWVmu82dKRg","35.78809 139.4723684"
"GiGO 所沢","埼玉県 所沢市 日吉町 8-1","PF_YYJTnOs6U1wVExPcdbQ","35.7884621 139.4719074"
"ラウンドワンスタジアム所沢","埼玉県 所沢市 東町 5-22　TOCOTOCOSQUARE所沢6F･7F","r9oP2-dsdeciHGA2l8T1BA","35.788861 139.469562"
"アミュージアム新所沢パルコ","埼玉県 所沢市 緑町 1-2-1　 新所沢パルコLet&#39;s館3F","WBXPmuLKdWKVYSK_LFR7gg","35.805231 139.455445"
"NICOPA＆nico ground 所沢","埼玉県 所沢市 青葉台 1327　島忠ホームズ所沢店2F","fKqi8tBk5mwUFwqea5r4pQ","35.806713 139.439487"
"モーリーファンタジー本庄中央","埼玉県 本庄市 中央 2-4　ビバモール本庄中央2F","zcpAzGk6YsI-1U5O_zIcGg","36.243609 139.187583"
"ハローズガーデン本庄","埼玉県 本庄市 南 1-2-10　アピタ本庄店1F","TI78t-wxdKHVMpommxD8kA","36.236912 139.18268"
"ムー大陸本庄","埼玉県 本庄市 本町 1019-1","RPb_aqI7Wle0vJnX2T6Yjw","36.24710261 139.190855"
"スイーツファンタジーパックン東松山","埼玉県 東松山市 あずま町 4-3　ピオニウォーク東松山店2F","8mDuHwMmsLChz_Si1wfijQ","36.005343 139.410744"
"ゲオ東松山","埼玉県 東松山市 松本町 2-1-51","anPT-pyvZCsThJ9A14iY3g","36.038308 139.414046"
"モーリーファンタジービバモール東松山","埼玉県 東松山市 神明町 2-11-6　ビバモール東松山2F","76AEMCg5jXiOFEhEkwMQQQ","36.031174 139.404354"
"ユーズランド春日部","埼玉県 春日部市 下柳 420-1　イオンモール春日部2F　区画No.2037","KxV1pVJwrky-wWKC65cJJQ","35.988573 139.789812"
"モーリーファンタジー春日部","埼玉県 春日部市 下柳 420-1　イオンモール春日部　イオン春日部店3F","3cYoizFQIRTTPC3mIZSQEw","35.987681 139.788079"
"カバロ春日部","埼玉県 春日部市 中央 1-13-1　イトーヨーカドー春日部店5F","d5c74Euf71l-6T2gWXGzdw","35.979729 139.749504"
"ゲーセンクレヨンしんちゃん嵐を呼ぶブリブリシネマスタジオ","埼玉県 春日部市 南 1-1-1　ララガーデン春日部3F","HQCRmntw7Hn-Ie-_x0dqSQ","35.977137 139.75542"
"埼玉レジャーランド春日部","埼玉県 春日部市 増富字谷際 163-1","KWZJt1J_uhnIP23BIcWVtw","35.95950218 139.7289276"
"モーリーファンタジー狭山","埼玉県 狭山市 上奥富 1126-1　イオン狭山店2F","yMoJrb2EpaZmfuWWtDQFFw","35.86789 139.41016"
"新狭山グランドボウル","埼玉県 狭山市 新狭山 1-1-9","at8BjRa68y8SkR0CjuIySw","35.878511 139.438671"
"プラサカプコン羽生","埼玉県 羽生市 川崎 2-281-3　イオンモール羽生2F","omG6RFGdBp3jiLfJbtHcWw","36.142861 139.542746"
"モーリーファンタジー羽生","埼玉県 羽生市 川崎 2-281-3　イオンモール羽生　イオン羽生店3F","b0iKXux-1PEgTfWU04p2YQ","36.142866 139.541845"
"プリモピア鴻巣","埼玉県 鴻巣市 北新宿 225-1　UNICUS鴻巣1F","otK06bhmtGwNveBOPiacdQ","36.112281 139.440008"
"タイトーFステーションエルミこうのす","埼玉県 鴻巣市 本町 1-1-2　エルミこうのすショッピングモール3F","c4rOzoV5G7gm2pRD8FCeCA","36.060529 139.509419"
"MEGAドン・キホーテ北鴻巣","埼玉県 鴻巣市 箕田 3111-1　MEGAドン・キホーテ北鴻巣店内ゲームコーナー","ee6h6fDddRXb_yVQDrjzng","36.080029 139.488796"
"ラウンドワンさいたま・鴻巣","埼玉県 鴻巣市 箕田 3163-7","mBez2nhlfF0prqEezMaDmQ","36.0806388 139.4902256"
"ハローズガーデン吹上","埼玉県 鴻巣市 袋 字道上90-1　FUJIMALL吹上店2F","GhwikXZJgbkXiGRu6U4Duw","36.09943 139.473297"
"ゲオ深谷上柴","埼玉県 深谷市 上柴町東 6-8-7","09gK-rMeiawn2vfewcUHtg","36.175106 139.295511"
"ハローズガーデン深谷","埼玉県 深谷市 上柴町西 4-2-14　アリオ深谷2F","ZXv4cYTMV45jiKhzMQ0Myg","36.181632 139.299359"
"GiGO 花園","埼玉県 深谷市 荒川 359","9UC0JHd1adyb0ksGKteicw","36.120427 139.233069"
"ウェアハウス上尾","埼玉県 上尾市 二ツ宮 1044","HUH9tjbL8VF7p3ZfRu1FaA","35.98129668 139.5998383"
"南ASOBI諸島アリオ上尾","埼玉県 上尾市 壱丁目 367　アリオ上尾2F","L3qMQ7vZpynRCtW0gBqkGQ","35.961601 139.565478"
"ベイシア上尾平塚","埼玉県 上尾市 平塚 2518-1　ベイシア上尾平塚店内ゲームコーナー","6scUoBd64ZWCusEopO8ieg","35.99292 139.599337"
"ラウンドワンスタジアム上尾 ","埼玉県 上尾市 平塚 917-1","hp8q8vL2sMe2GhrESkMPFQ","35.98579376 139.6078098"
"FESTA上尾","埼玉県 上尾市 愛宕 3-1-40　バリュープラザ上尾愛宕店2F","MRrhW6AzYg-wIDAgVg2BiQ","35.964663 139.596778"
"モーリーファンタジー上尾","埼玉県 上尾市 愛宕 3-8-1　イオンモール上尾内","sDpDMtQtVr9sTV5Sqg9WaA","35.964728 139.600273"
"アピナ上尾","埼玉県 上尾市 緑丘 3-3-11-2　P･A･P･A上尾ショッピングアベニュー　プリンセス棟別棟","InShZylqVGO2nVHW_Qi8dA","35.9871877 139.5799478"
"パラボランド上尾ショーサンプラザ","埼玉県 上尾市 谷津 2-1-1　ショーサンプラザ5F","mmfyYhtNpjZze5FcjxzEhA","35.971997 139.58857"
"ゲームファクトリーマグマ草加","埼玉県 草加市 氷川町 2125-1","lYaYfFQKBCW3tncZw5P55w","35.828238 139.802514"
"ウェアハウス草加店新館","埼玉県 草加市 稲荷 2-36-33","fXtoYr6GMUZO61wFQ9srOA","35.83031599 139.8209542"
"ラウンドワン草加","埼玉県 草加市 谷塚上町 204-1","eaM_1TQ-WujnnxS8mKogeg","35.81283453 139.7881293"
"ニコパ島忠ホームズ草加舎人","埼玉県 草加市 遊馬町 2-1　島忠ホームズ草加舎人店1F","WCltkGAp1f3m9PCfNXnBeA","35.818286 139.768882"
"モーリーファンタジー草加マルイ","埼玉県 草加市 高砂 2-9-1　草加マルイ5F","4OaNPhokbmtguYjcox8rRg","35.828749 139.804546"
"namcoイオンレイクタウン","埼玉県 越谷市 レイクタウン 3-1-1　イオンレイクタウンmori3F","Ul0btAgTHYOpai2oUwThPw","35.880997 139.828428"
"モーリーファンタジーレイクタウン","埼玉県 越谷市 レイクタウン 3-1-1　イオンレイクタウンmori　イオンレイクタウン店3F","3bXpe9F2YOMa29G4hZLUfw","35.882097 139.82919"
"ユーズランド越谷","埼玉県 越谷市 レイクタウン 4-2-2　イオンレイクタウンkaze3F","1HN8mkYYVSNYRJR2CRNygQ","35.87811478 139.8248649"
"アミューズメントFUNFUN越谷","埼玉県 越谷市 南荻島 2770-1","LN85k4_yQkjy9CpsexPPSA","35.9128551 139.7711967"
"ウェアハウス越谷","埼玉県 越谷市 南荻島 841-1","houOtrF5b5Ow2L6eRUMi-w","35.91198279 139.7637695"
"GiGO 南越谷ラクーン","埼玉県 越谷市 南越谷 1-15-1　南越谷ラクーン2F","NkyT8GTV3u5SbatEcuqvew","35.875021 139.793185"
"プレビALCo越谷ショッピングスクエア","埼玉県 越谷市 越ケ谷 1-16-6　ALCo越谷ショッピングスクエアB1F","szHUlsMcf8wA_W_m9bWipQ","35.886832 139.788035"
"ラウンドワンわらび","埼玉県 蕨市 北町 5-1-6","6GquKyQc5wsCIhjrHI8eVw","35.830783 139.674233"
"アドアーズ蕨","埼玉県 蕨市 塚越 1-4-4　ラ・セーヌビル2F","fqpMPhqIr_9Z_qM9ULYB6A","35.827709 139.6915207"
"プレビイオンタウン蕨","埼玉県 蕨市 塚越 5-6-35　イオンタウン蕨1F","ErYaNxh3cO_ixJQaWBY-3A","35.823437 139.703602"
"モーリーファンタジー蕨錦町","埼玉県 蕨市 錦町 1-12-1　スーパービバホーム蕨錦町店2F","ImJw_tI1kpmG7saYMVDG0w","35.821794 139.677898"
"ギガステーション戸田","埼玉県 戸田市 美女木 943-7","u6xo2VlJvEr9wZ9viOTvsw","35.83414104 139.6532035"
"namcoイオンモール北戸田","埼玉県 戸田市 美女木東 1-3-1　イオンモール北戸田3F","AFz5astwxF7czzNFX-SzoA","35.826614 139.652619"
"モーリーファンタジー北戸田","埼玉県 戸田市 美女木東 1-3-1　イオンモール北戸田　イオン北戸田店2F","SQhbY2_z6vwyMgTQOMMGAg","35.826614 139.652619"
"モーリーファンタジー入間","埼玉県 入間市 上藤沢 462-1　イオン入間SC　イオン入間店2F","9fv7s27_xgMSsseF4nnUdw","35.822142 139.394833"
"ラウンドワンスタジアム入間","埼玉県 入間市 小谷田 3-7-25","7c8HVc6PnbNkaTqTO9flhw","35.82799129 139.3760026"
"GiGO 入間","埼玉県 入間市 東藤沢 2-18","jZmeNAl7JJJ_qXpf0NWoOg","35.81920294 139.4181159"
"ラウンドワンスタジアム朝霞","埼玉県 朝霞市 膝折町 2-16-10","zWM3ecBM1iWdSymIm-SnqA","35.79028216 139.5796466"
"キッズランドマルイファミリー志木","埼玉県 志木市 本町 5-26-1　マルイファミリー志木内","GJyOvAcWpezR7f-o-8p-Tg","35.823377 139.574168"
"タイトーステーション和光","埼玉県 和光市 丸山台 1-4-5","ZvfT1yuCQUSkEVAfjIfYBw","35.7866296 139.6137925"
"ファミリーランド和光","埼玉県 和光市 丸山台 1-9-3　イトーヨーカドー和光店3F","Mn60ZP9jQ5Jib6U-PSvGQw","35.786443 139.61222"
"アドアーズ和光","埼玉県 和光市 本町 3-5　MillionAnnex和光1～3F","s0C5UTOADshw5ONhvDeiTA","35.7883181 139.6115733"
"スコナランド新座","埼玉県 新座市 中野 2-1-38　OSCデオシティ新座3F","y8LmDFnlreGZbF3wXbPqFA","35.817072 139.549083"
"アミュージアム新座","埼玉県 新座市 東北 2-32-12　イオン新座店3F","exYNgpy8a-aUcYcZUwrubw","35.820184 139.574633"
"ラ・ヴィーニュ新座","埼玉県 新座市 野火止 5-2-60","eBapEQpPaPIFPGfF6cXo3w","35.803173 139.556962"
"スイーツファンタジーパックン桶川","埼玉県 桶川市 下日出谷東 2-15-1　ベニバナウォーク桶川2F","irCPs_rYSTL6l-sJRMB5vA","35.99702 139.550641"
"プレビイトーヨーカドー久喜","埼玉県 久喜市 久喜中央 4-9-11　イトーヨーカドー久喜店4F","DAyoHV5wkytnicdYugZV0Q","36.071069 139.675204"
"ワンパクオウコクアリオ鷲宮","埼玉県 久喜市 久本寺字谷田 7-1　アリオ鷲宮2F","ijMxWxtJh4GbO12A7-ej-Q","36.078387 139.660392"
"ラウンドワンスタジアムさいたま・栗橋","埼玉県 久喜市 小右衛門 192-1","pBZIEXP2qDjdHvI08BFSHg","36.12354214 139.7151732"
"ベイシア栗橋","埼玉県 久喜市 栗橋東 6-15-1　ベイシア栗橋店内ゲームコーナー","2pCkckArT2Ky51KBmaMH2A","36.129581 139.705178"
"ソユーゲームフィールド菖蒲","埼玉県 久喜市 菖蒲町菖蒲 6005-1　モラージュ菖蒲3F","3zXnSzXb4SrjZDZ6KuVGGg","36.075663 139.60987"
"タイトーFステーション北本","埼玉県 北本市 深井 6-87　HEY WORLD!! 1F","cg0CtedVLkhXa12f4YfHOg","36.053751 139.525469"
"パレットイオン八潮南","埼玉県 八潮市 大曽根 273-5　イオン八潮南店3F","VQZR6TLGQKxHPTm2mkLYJw","35.809063 139.829034"
"THE 3RD PLANET フレスポ八潮","埼玉県 八潮市 大瀬 1-1-3　フレスポ八潮3F","Ly30_yPFGuC7-0tl6sRq5A","35.808352 139.8438416"
"キッズプラザきゃらんど富士見","埼玉県 富士見市 山室 1-1313　ららぽーと富士見2F","l_kVe2Z1XmFIEAFCr8_yFA","35.858933 139.549135"
"コロコロBASE～コロコロひみつ基地～","埼玉県 富士見市 山室 1-1313　ららぽーと富士見2F","vjsZGwoueOdeJ342EigbcA","35.860185 139.547997"
"GiGO ららぽーと富士見","埼玉県 富士見市 山室 1-1313　ららぽーと富士見3F　35200番","K7Zyo91ADjz5-kZaf0FHHQ","35.858368 139.54877"
"宝島三郷","埼玉県 三郷市 さつき平 1-1-1　MEGAドン・キホーテ三郷店2F","5bLbes9V2_6gSfxOev2f-A","35.852586 139.867215"
"ラクガキ王国三郷","埼玉県 三郷市 ピアラシティ 1-1-1　イトーヨーカドー三郷店2F","6f1Kab7SD8c4W3jBI38Yxg","35.84326 139.854407"
"ゲームパニック三郷","埼玉県 三郷市 ピアラシティ 1-1-200","l8DqX-urhuhDlN7aDsCkqQ","35.842186 139.8548677"
"ラウンドワンスタジアムららぽーと新三郷","埼玉県 三郷市 新三郷ららシティ 3-1-1　ららぽーと新三郷2F　20000番","ExAuMnvLJyUJGTAbYKNk1w","35.858898 139.8667856"
"宝島蓮田","埼玉県 蓮田市 東 4-5-13　MEGAドン・キホーテ蓮田店2F","mlGmRPWuGmB0tPNJFoAm1A","35.980203 139.657563"
"ゲオ坂戸","埼玉県 坂戸市 鎌倉町 16-26","_xI5n7o6aQZm9IimEM8Euw","35.967193 139.406877"
"キャロム坂戸","埼玉県 坂戸市 関間 2-151-1","AuUr8TS-VBFMpaQnMkdOjQ","35.95260657 139.3985546"
"にこぱ幸手","埼玉県 幸手市 上高野 764　エムズタウン幸手西館内","wmu33K6s9P2q6lwi40oP6g","36.068206 139.714954"
"ファミリーランドあそびのくにカインズ鶴ヶ島","埼玉県 鶴ヶ島市 三ツ木新町 1-1-13　カインズ鶴ヶ島店2F","BNwtfGDMOhU3hKhBXk8B6g","35.927036 139.393342"
"ハローズガーデンワカバウォーク","埼玉県 鶴ヶ島市 富士見 1-2-1　ワカバウォーク2F","7voEf7U32RA--9pBwzUu2w","35.94979 139.411461"
"コモディイイダ鶴ヶ島","埼玉県 鶴ヶ島市 鶴ヶ丘 65-1　コモディイイダ鶴ヶ島店内ゲームコーナー","laSqpLA7Q6NaHXRg4ZGJag","35.936932 139.422219"
"ベイシア日高店あそびのくに","埼玉県 日高市 森戸新田字藤久保 88-5　ベイシア日高店内","59VwyoG8GOojNAkTZJZk8A","35.913747 139.372767"
"アピナ吉川美南","埼玉県 吉川市 美南 3-25-1　イオンタウン吉川美南内2F","Jm0baFXPhiMZxE8EYDJSWg","35.865925 139.859105"
"アミューズメントフィールドバイヨン","埼玉県 ふじみ野市 うれし野 2-16-1　LCモールうれし野2F","YLzQ4uqFZ5rjxthxkFrpyg","35.8561384 139.5223952"
"モーリーファンタジー大井","埼玉県 ふじみ野市 ふじみ野 1-2-1　イオン大井店3F","-FsR5DVtbUAuQeKIueFUXg","35.859888 139.514363"
"namcoイオンタウンふじみ野","埼玉県 ふじみ野市 福岡 2-1-6　イオンタウンふじみ野3F","djVA4N52LCjoanXerHRJ6w","35.880307 139.522273"
"モーリーファンタジーふじみ野","埼玉県 ふじみ野市 福岡 2-1-6　イオンタウンふじみ野内","pGhUuEOsUI-T5R7wIgyLQw","35.880307 139.522273"
"PALO埼玉大井","埼玉県 ふじみ野市 西鶴ケ岡 1-3-15　ビバモール埼玉大井　プラザ棟2F","s_WtcOb7avMQvkKRK1bMDQ","35.86419573 139.5016372"
"ゲオふじみ野","埼玉県 ふじみ野市 鶴ケ岡 1-16-2","OlrQ-Enk1FpyB6ACqj0eLw","35.866912 139.502739"
"ゲームスクエア三芳","埼玉県 入間郡三芳町 藤久保 字北新埜855-403　アクロスプラザ三芳内","T5fmcYpvE73CLHZXDCYtwQ","35.838688 139.525101"
"ベイシア滑川モール店あそびのくに","埼玉県 比企郡滑川町 羽尾 2780　ベイシア滑川モール店内","EQc7_g2p3MyUKDjTW5VhZQ","36.059591 139.369047"
"キッズプラザきゃらんど上里","埼玉県 児玉郡上里町 七本木 2272-1　ウニクス上里2F","jjW4cFt_rhEYtLPd6f9iow","36.238597 139.153234"
"モーリーファンタジー上里","埼玉県 児玉郡上里町 金久保 359-1　イオンタウン上里2F","jDc34jDJRMFnM1TewbDWHA","36.260712 139.135883"
"ラウンドワンさいたま・上里","埼玉県 児玉郡上里町 金久保 394-1　イオンタウン上里内","XjQucMYnocC3JQ5C6TzaRA","36.259817 139.1374178"
"あそびのくに寄居北","埼玉県 大里郡寄居町 桜沢 2916　ベイシア寄居北店内","Ba2maLpKoiBs_kwBEQZhSQ","36.131383 139.20407"
"東武動物公園","埼玉県 南埼玉郡宮代町 須賀 110","M5I5c9notls87iY5FzhYdg","36.020087 139.719744"
"ビッグボウル杉戸","埼玉県 北葛飾郡杉戸町 杉戸 2338","a6-pWBjkXLt1GzxXNYdFXA","36.04009441 139.720881"
"プレビ千葉ポートタウン","千葉県 千葉市中央区 問屋町 1-50　千葉ポートタウン2F","SlqcqEq6gm0je6dpZK3OKQ","35.604684 140.110571"
" タイトーステーションビックカメラ千葉","千葉県 千葉市中央区 富士見 2-1-1　ビックカメラ8F","cEk_tyfEj1qgw5VtA7zPQA","35.611747 140.115538"
"GiGO 千葉","千葉県 千葉市中央区 富士見 2-4-1","TVjWplj3qPM7t21sQBKqjw","35.611564 140.115851"
"アドアーズ千葉","千葉県 千葉市中央区 富士見 2-4-15　第1東和ビル1～3F","c26IB69d0xZR6c5yRcb12g","35.61102846 140.1163781"
"ラッキー中央店フェリシダ","千葉県 千葉市中央区 富士見 2-8-1","25NMlVHEFQ5JYjqA8w1OlA","35.61026525 140.1182985"
"GiGO フェスティバルウォーク蘇我","千葉県 千葉市中央区 川崎町 51-1　ハーバーシティ蘇我フェスティバルウォーク　アミューズメント棟1F","LYXd3H3X48UR3XIOQc8Tkg","35.59229051 140.1180813"
"タイトーステーションアリオ蘇我","千葉県 千葉市中央区 川崎町 52-7　アリオ蘇我2F","fDKM3sDsxCP22vXR98bUPw","35.587495 140.122729"
"テクモピア千葉中央","千葉県 千葉市中央区 本千葉町 15-1　ユアエルム千葉Mio1F","0BaWl1g7wYhUK7b6D3sclA","35.607646 140.118159"
"スポーツウェーブ鉄腕24浜野","千葉県 千葉市中央区 浜野町 1025-59","TavzBBTqdyPVxDdeZ4Qdgw","35.55398094 140.1263452"
"キャッツアイ東千葉","千葉県 千葉市中央区 祐光 3-2-1","Q1SvxDpfxGBP8HkJU7m6SA","35.619579 140.127054"
"GiGO 稲毛オーツーパーク","千葉県 千葉市稲毛区 園生町 380-1","bB-kvaqjuDsllE-jaQh7Rg","35.65049641 140.1191354"
"アミュージアム稲毛","千葉県 千葉市稲毛区 小仲台 1-4-20　イオン稲毛店3F","YoquBXrzcKqDtA0NECan9A","35.636656 140.09501"
"千葉レジャーランド稲毛","千葉県 千葉市稲毛区 小仲台 2-5-7　海宝ビル2・3F","NGz7OQ3lz664GV9vTHb7zQ","35.638025 140.09319"
"ゲームファンタジア千葉北","千葉県 千葉市稲毛区 山王町 310-1　ROUTE66PARK内","dS5LOZfqNQMYrC8NtQMp_g","35.66018165 140.1394129"
"ゲオ稲毛","千葉県 千葉市稲毛区 山王町 336-2","2lvya6AxYOb5bwMw_HMTcg","35.659656 140.140119"
"スポーツウェーブ鉄腕24稲毛長沼","千葉県 千葉市稲毛区 長沼原町 697","0uMIkIh47H_iy2YlLcAnmQ","35.66200785 140.1266509"
"アミューズメントパフェパレパレ稲毛長沼","千葉県 千葉市稲毛区 長沼原町 737-25　フレスポ稲毛A棟-4","TE1CB9rT2Zq4SnI2jLxy0A","35.65765884 140.1279182"
"南ASOBI諸島ワンズモール","千葉県 千葉市稲毛区 長沼町 330-50　ワンズモール2F","PfRInEPA4sywNr5REJ29kg","35.656964 140.117513"
"モーリーファンタジーあすみが丘","千葉県 千葉市緑区 あすみが丘 7-1　あすみが丘ブランニューモール2F","fz5etMg98f-q_64T6opckQ","35.520761 140.267273"
"モーリーファンタジー鎌取","千葉県 千葉市緑区 おゆみ野 3-16　ゆみ～る鎌取SC　イオンスタイル鎌取4F","UarJGKwW_39OcrIQALoaLw","35.561365 140.17735"
"モーリーファンタジーおゆみ野","千葉県 千葉市緑区 おゆみ野南 5-37-1　イオンタウンおゆみ野　マックスバリュおゆみ野店2F","PjvP1brDxL_vpD4KV6YT0Q","35.543963 140.17308"
"宝島幕張","千葉県 千葉市美浜区 ひび野 1-3　イオン幕張店2F","iew_2PpDehBElD5Xfurujg","35.651683 140.0454"
"GiGO 幕張","千葉県 千葉市美浜区 ひび野 1-8　メッセ・アミューズ・モール1F","RPEBMrDKCVE0Q1yYFDizSg","35.64979024 140.042392"
"namcoイオンモール幕張新都心","千葉県 千葉市美浜区 豊砂 1-1　イオンモール幕張新都心　グランドモール3F","cYVSlPPEXTpch7SSUGwnww","35.65324 140.031921"
"モーリーファンタジー幕張新都心","千葉県 千葉市美浜区 豊砂 1-1他　イオンモール幕張新都心　ファミリーモール2F","jJ7QohrWiEdt0kzZik-AYg","35.656301 140.026947"
"namcoトンデミ幕張イオンモール幕張新都心","千葉県 千葉市美浜区 豊砂 1-1他　イオンモール幕張新都心　ファミリーモール3F","BlZcLZdAG-h0TmLhFe1FQA","35.657133 140.026157"
"NICOPAマリンピア","千葉県 千葉市美浜区 高洲 3-13-1　イオンマリンピア店4F","9eJBtiQqfbXm10u_CsPsdQ","35.628581 140.07317"
"ソユープレイランドソピア幕張","千葉県 千葉市花見川区 幕張町 4-417-25　イトーヨーカドー幕張店2F","2IVlQxF2409WdaGLYnKgcw","35.656345 140.051238"
"ソユーゲームフィールド千城台","千葉県 千葉市若葉区 千城台北 3-21-1　イコアス千城台3F","Vd8glGlp0Y0ZlMUSjWafew","35.622236 140.189364"
"GiGO イオンモール銚子","千葉県 銚子市 三崎町 2-2660-1　イオンモール銚子2F","Z9Yj5sKGOGUrsxSxy_anQQ","35.709894 140.78762"
"モーリーファンタジー銚子","千葉県 銚子市 三崎町 2-2660-1　イオンモール銚子　イオン銚子店2F","Qkc-nXBsuwdqzMVk5HJLQg","35.710632 140.788086"
"スタジオプリモ本八幡","千葉県 市川市 八幡 2-15-10　パティオ5F","ZP6FxGu19bpEVqU1amQPSg","35.721324 139.927502"
"本八幡ゲームUNO","千葉県 市川市 八幡 2-16-6　八幡旗ビルB1F","4YU4l4ojlfoSR3lmXCPeKg","35.721728 139.926837"
"モーリーファンタジーSOCOLA南行徳","千葉県 市川市 南行徳 2-20-25　SOCOLA南行徳2F","Tyay-wovupNHZP9R75m12w","35.66849 139.9058"
"DAIKEIEN","千葉県 市川市 大町 359","3wQf1KcN70aRQ1chhYdwcw","35.76245868 139.9691087"
"タイトーFステーション市川妙典","千葉県 市川市 妙典 4-1-1　イオン市川妙典2番街2F","xDQGuPMEIwg-rxyCwE0ZrA","35.692538 139.926679"
"モーリーファンタジー市川妙典","千葉県 市川市 妙典 5-3-1　イオン市川妙典店3F","i2eAXPhzQy5sOudD8FaSDQ","35.693044 139.927919"
"PALO市川","千葉県 市川市 鬼高 1-1-1　ニッケコルトンプラザ　ウエストモール2F","PFvNlsDIuvFJeLT9Ck67HA","35.716787 139.934213"
"ラウンドワン市川鬼高","千葉県 市川市 鬼高 4-1-3","YWqB8Zi9rkIzdhssQA2i0g","35.711221 139.927479"
"アミューズメントエース津田沼","千葉県 船橋市 前原西 2-15-1　ファミービル1～3F","c_yGZhhKhl197dV9rsVw2A","35.692278 140.020182"
"アピナ津田沼","千葉県 船橋市 前原西 2-19-1　津田沼ビート3F　301区画","yCSprGR5Ry1b0fYJZP9V_A","35.692362 140.022134"
"千葉鑑定団船橋","千葉県 船橋市 夏見台 3-4-8","icdrPTOnLzawEUKGQJrVCw","35.719041 139.988535"
"namcoイオンモール船橋","千葉県 船橋市 山手 1-1-8　イオンモール船橋3F","GJst80sJuu7sywFrlmBVog","35.712593 139.978387"
"モーリーファンタジー船橋","千葉県 船橋市 山手 1-1-8　イオンモール船橋　イオン船橋店3F","wjMDMhibkJVur2lbZpzl3w","35.711453 139.978676"
"ラッキーポケット下総中山","千葉県 船橋市 本中山 2-10-1　マルエツ下総中山店1F","IsdiSLkupAhDGvu6L-KIyQ","35.714229 139.944154"
"アドアーズ船橋","千葉県 船橋市 本町 1-31-26　セブン船橋B1～4F","BI_m_MDOkQMnkT4V5bATAA","35.700394 139.9841872"
"タイトーステーション船橋","千葉県 船橋市 本町 1-6-1","RGI09Zl2-x7hyCYh5fEJRQ","35.699891 139.985971"
"テクモピア船橋南口","千葉県 船橋市 本町 1-7-6　ドリーム船橋ビル3F","u9-8SQQDNZIfUDcGpJjO0A","35.699019 139.985808"
"マリンガーデンららぽーとTOKYO-BAY","千葉県 船橋市 浜町 2-1-1　ららぽーとTOKYO-BAY西館3F","5Q1z1xau7mb0Fq_5c1u4Ww","35.686281 139.990393"
"モーリーファンタジー館山","千葉県 館山市 八幡 545-1　イオンタウン館山　イオン館山店1F","bwEZvO5iblF8wSN6BolGDg","35.008248 139.86206"
"館山ヤングボウル","千葉県 館山市 北条 1564","KHZInd870RgwqnV5ayUbQw","34.99069664 139.8673645"
"ハローズガーデン木更津","千葉県 木更津市 ほたる野 4-2-48　アピタ木更津店2F","kwy_AaEMQ90garRXwFbQJQ","35.375772 139.962746"
"GAME＆GO！KISARAZU","千葉県 木更津市 太田 2-5-1　精文館書店木更津店内ゲームコーナー","0OEQtYUNclrH8CYHlDTBow","35.381958 139.941923"
"イスカンダル木更津","千葉県 木更津市 潮見 4-1-2","ViY_jgYvVlwVMVIzD-H-Uw","35.36976806 139.9175808"
"ソユーゲームフィールド木更津","千葉県 木更津市 築地 1-4　イオンモール木更津2F","-EV3J_aqGQOJH2ruUo49rg","35.366073 139.908342"
"モーリーファンタジー木更津","千葉県 木更津市 築地 1-4　イオンモール木更津　イオン木更津店2F","vH0iYs8innEyGpAKaDmVqg","35.366073 139.908342"
"HapipiLandプラッツ五香","千葉県 松戸市 五香 8-44-6　プラッツ五香2F","VsfFRbBqzbbTUaFitU9VRQ","35.79657 139.981401"
"namcoテラスモール松戸","千葉県 松戸市 八ケ崎 2-8-1　テラスモール松戸内3F","By6tC-bUgDyKHmCL7kGKEg","35.817371 139.935208"
"あそびのひろば北小金","千葉県 松戸市 小金 1　イオン北小金店5F","Q9Hu_ZFv9m0TZ5FCWbO3tA","35.832678 139.93175"
"HapipiLand常盤平","千葉県 松戸市 常盤平 3-11-1　西友常盤平店4F","Qb1_IkVbwH8gv-Phn-uCGw","35.801955 139.95151"
"タイトーFステーションダイエー新松戸","千葉県 松戸市 新松戸 3-2-2　ダイエー新松戸店4F","OTFOlQO4tMNTTwPBkULEyw","35.825931 139.915446"
"GiGO 八柱","千葉県 松戸市 日暮 1-1-1　八柱駅第2ビル2F","NwWn3KYY6c4T42TTco1IAg","35.79122641 139.9376088"
"カバロ松戸","千葉県 松戸市 松戸 1149　イトーヨーカドー松戸店6F","OouY-_AH19AWxRvCu6Z_-g","35.784016 139.90249"
"namco松戸","千葉県 松戸市 松戸 1230-1　ピアザ松戸1F","0cSpvzzy2Qk8q9gs-FY0Bw","35.78365032 139.9008679"
"南ASOBI諸島キテミテマツド","千葉県 松戸市 松戸 1307-1　キテミテマツド6F","O2bWdvQNJOipSHDK5lCr2g","35.782272 139.898692"
"アピナ野田七光台","千葉県 野田市 七光台 4-2　イオンタウン野田七光台内","BgWUKzErCYXGY8JpUx9W4Q","35.9809749 139.851598"
"モーリーファンタジーノア","千葉県 野田市 中根 36-1　イオンノア店1F","QcBAckmjgCSIQMqLSL2w6w","35.947595 139.875657"
"千葉レジャーランド野田","千葉県 野田市 吉春 776-1","1WM0ORQybNaJjDQM1vRBqg","35.97145951 139.865334"
"GAME SQUARE茂原","千葉県 茂原市 六ツ野八貫野 2785-1　ライフガーデン茂原内","wLU9Mu5S6SuK-PjNIWb53A","35.431064 140.309925"
"アミュージアム茂原","千葉県 茂原市 高師 1619-1","KNeXGSJNVHfbRR81PcpoEw","35.43692316 140.2847564"
"タイトーステーション茂原アスモ","千葉県 茂原市 高師 1735　茂原ショッピングプラザアスモ2F","ouWWCLWcohp7u4ZeZJg2YA","35.434905 140.287637"
"プラサカプコン成田","千葉県 成田市 ウイング土屋 24　イオンモール成田2F","g15jfUnDypHF1AhZhS5XWw","35.795833 140.317616"
"モーリーファンタジー成田","千葉県 成田市 ウイング土屋 24　イオンモール成田　イオン成田店2F","CCK-AxYQFymW8TwKhumXAg","35.795833 140.317616"
"テクモピアロックダム公津の杜","千葉県 成田市 公津の杜 4-5-3　ユアエルム成田店3F","I58SPIADTRiUx8ilMNUVdw","35.75979 140.296587"
"NICOPAイオンタウン成田富里","千葉県 成田市 東町 133　イオンタウン成田富里2F","K6BGUQbAHWwyO4iNgjLLfQ","35.777943 140.323383"
"キッズパーク ボンベルタ成田","千葉県 成田市 赤坂 2-1-10　ボンベルタ成田3F","c2qU1yRjkcL52nARnL_YDQ","35.778268 140.290437"
"アミューズメントパレスワンダーヴュー成田","千葉県 成田市 飯仲 11-18　グリーンパーク長命泉内","Hx3Q3S8oxBEU-jH2ENHw1g","35.75581146 140.3026307"
"にこまるぷらすユーカリが丘","千葉県 佐倉市 ユーカリが丘 4-1-4　ユーカリプラザビル5F","ZjJQSVbOKe1d_FwX3mwE1g","35.723598 140.223939"
"ラッキー佐倉","千葉県 佐倉市 井野 1475","yQCVD2gTLEUH8mwqFOVwLQ","35.71845135 140.1362264"
"ファミリーランドあそびのくにベイシア佐倉","千葉県 佐倉市 寺崎北 6-1-1　ベイシア佐倉店内","mmiG4eJd9vrIJmr3ASKS2w","35.714407 140.217061"
"モーリーファンタジーユーカリが丘","千葉県 佐倉市 西ユーカリが丘 6-12-3　イオンタウンユーカリが丘　イオンスタイルユーカリが丘3F","85ZYKGIT3N-29NI3PFO_5Q","35.727286 140.152322"
"イオンタウンユーカリが丘店ゲームコーナー","千葉県 佐倉市 西ユーカリが丘 6-12　イオンタウンユーカリが丘3F　西街区","_GTvkHPO8HBgYUK6e-vk8Q","35.729708 140.151583"
"パラボランド東金","千葉県 東金市 東岩崎 8-10　東金SCサンピア3F","BIOdME4pfFshhqqm2mG1sA","35.558644 140.364698"
"タイトーステーション旭サンモール","千葉県 旭市 イ -2676-1　サンモール3F","-Y3iROI8vlVBQT8xJEPaYg","35.72487958 140.6591177"
"GiGO 旭","千葉県 旭市 ニ字野場 3150-1","Q4LyI7FYX7SxoEtEK5OM-g","35.72357 140.63956"
"モーリーファンタジー東習志野","千葉県 習志野市 東習志野 6-7-8　イオンタウン東習志野　マックスバリュ東習志野店1F","nhw3_-1UNIttvqvrd7Tvsw","35.699926 140.066799"
"シルクハット津田沼","千葉県 習志野市 津田沼 1-2-1　十三ビルB1F","KZF9-djPLFXmNUF7ZhD1sw","35.69037183 140.0222325"
"ゲームランド津田沼","千葉県 習志野市 津田沼 1-23-1　イオンモール津田沼2F","qqm6HMqSyup7ay0b0MRDUw","35.690481 140.024784"
"モーリーファンタジー津田沼","千葉県 習志野市 津田沼 1-23-1　イオンモール津田沼　イオン津田沼店3F","YB4_n4jE1jk4HiTQF8XDbw","35.690381 140.024988"
"ラウンドワン習志野","千葉県 習志野市 芝園 1-4-5","kAdfvqm3N1hbVqXTzFMPTg","35.66021 140.02261"
"MORISIA AMUSE PARK","千葉県 習志野市 谷津 1-16-1　モリシア津田沼2F","sxKbeJXHJladdqZREZyISg","35.689848 140.019157"
"タイトーFステーション柏中央","千葉県 柏市 十余二 249-5　M.E.M.1F","dOxbnlEC8Y8yDdDe3og36w","35.88211355 139.9594688"
"柏ヤングボウル","千葉県 柏市 南柏中央 11-1","0SIH5e4tyHzhutaIABL5Dw","35.8459602 139.9570334"
"プレビモラージュ柏","千葉県 柏市 大山台 2-3-1　モラージュ柏2F","TSOp0Z2BUUn-jEyNyzfttg","35.882378 139.969293"
"タイトーステーションセブンパークアリオ柏","千葉県 柏市 大島田 1-6-1　セブンパークアリオ柏3F","q6j_KWJSVI5fVMdPMBuwcw","35.833237 140.014152"
"ラウンドワンスタジアムアリオ柏","千葉県 柏市 大島田 1-6-1　セブンパークアリオ柏　1070","-Oiab6x3TMu27XiHb1xSUQ","35.832332 140.011942"
"GiGO 柏","千葉県 柏市 柏 1-1-11　ファミリかしわB1F","biV5H1Babq1Lc-MTLKHe-Q","35.861488 139.970901"
"ゲームガリバー柏","千葉県 柏市 柏 1-1-11　ファミリかしわB1F","r8-OtXqZTh_79G7MGYKUvw","35.861686 139.971118"
"アルファー柏","千葉県 柏市 柏 1-1-11　ファミリかしわB1F","6Tnh14Q-6vpEhQmJChnoOA","35.861686 139.971118"
"柏駅前ヤングボウル","千葉県 柏市 柏 1-3-1　ドン・キホーテ柏駅前店5F","qzMsdz7tMhTuA89W_OIcXg","35.860697 139.971268"
"アドアーズ柏","千葉県 柏市 柏 1-3-1　柏長崎屋共同ビル1F","G8Jw_AlH3Lu5QnKGkJsxWg","35.860697 139.971268"
"タイトーステーション柏","千葉県 柏市 柏 2-3-1　フーサワビル","0lud_r0jOVEf-nzW2lClxw","35.86134381 139.9727619"
"あそびのひろば柏の葉","千葉県 柏市 若柴 175　ららぽーと柏の葉3F","laaFYKdGGMIybfzqDbfmnw","35.893669 139.951049"
"モーリーファンタジー柏","千葉県 柏市 豊町 2-5-25　イオンモール柏　イオン柏店2F","Iy3hfBrc2dH8Hx2xPbOxAA","35.85169 139.961494"
"ゲームランドちはら台","千葉県 市原市 ちはら台西 3-4　ショッピングモールunimoちはら台2F","Bk_aFhAJjdGYD-whdYRrqQ","35.528085 140.171725"
"ゲームチャリオット五井","千葉県 市原市 五井中央西 2-1-2","vnlsDMyNjkpaomDjiFhdFQ","35.513611 140.089812"
"ファミリーランドあそびのくにベイシア市原八幡","千葉県 市原市 八幡 字海岸2381-1　ベイシア市原八幡店内","Ixzqv1HIfqxaOQbWQob6ig","35.541565 140.117893"
"ラウンドワン市原","千葉県 市原市 八幡北町 3-5-1","WG-IpOGWramgo6gcF2IDIQ","35.54748154 140.1233821"
"アピナ市原","千葉県 市原市 更級 4-2-1　アクロスプラザ市原更級F棟1F","W3tNWM34-Gp6zOz38QgJAQ","35.509897 140.101307"
"トム・ソーヤのなかまたち。アリオ市原","千葉県 市原市 更級 4-3-2　アリオ市原2F","QruvhVIFJI5FYMv3riDSzg","35.50813 140.101633"
"ハローズガーデン市原","千葉県 市原市 青柳北 1-1　アピタ市原店2F","KghjKB2tYST8EaPsRehHhQ","35.514447 140.066014"
"ウェアハウス南流山","千葉県 流山市 南流山 4-16-6","uugYWQAYBtejcM0caHfViw","35.840082 139.904988"
"ハロータイトー流山","千葉県 流山市 流山 9-800-2　イトーヨーカドー流山店3F","9Jr5dOR9CLaJjZV6eV6gag","35.850216 139.899371"
"namco流山おおたかの森S・C","千葉県 流山市 西初石 6-185-2　おおたかの森S・C3F","gLc0YGpUvdxV5NJBBYsQKQ","35.870666 139.926194"
"ラッキー八千代店バッティングドーム","千葉県 八千代市 大和田新田 1088","yJlTTFVP-opRXgXssouStA","35.72450505 140.0673473"
"アミュージアムフルルガーデン八千代","千葉県 八千代市 村上南 1-3-1　フルルガーデン八千代3F","IE8S8v5OeJApNil3ipeQhA","35.722425 140.1175"
"namcoイオンモール八千代緑が丘","千葉県 八千代市 緑が丘 2-1-3　イオンモール八千代緑が丘4F","8gtaWqKW6Uq25ddgEWkQXw","35.728028 140.073167"
"モーリーファンタジー八千代緑が丘","千葉県 八千代市 緑が丘 2-1-3　イオンモール八千代緑が丘　イオン八千代緑が丘店4F","AU9KvhcYUajiOMLnZ1RFHA","35.728028 140.073167"
"キャッツアイ八千代","千葉県 八千代市 緑が丘西 2-13-3　ism緑が丘内","E5VWCP3-Eq5Hug2yhJAJeg","35.73313622 140.0730979"
"プレイランドあびこ","千葉県 我孫子市 我孫子 4-11-1　あびこショッピングプラザ2F","ncA9Kjujh2nyz1CMOeC7Kg","35.876537 140.009026"
"GiGO 我孫子","千葉県 我孫子市 柴崎 47-1","BNOuDcma_jbTp2CAX92b1w","35.8781872 140.0300415"
"ティックタックワールド鴨川","千葉県 鴨川市 横渚 973-1　イオン鴨川店4F","QoFQLRzVkARyBZgbtFqosg","35.108626 140.103041"
"ファミリーランドあそびのくにベイシア鴨川","千葉県 鴨川市 貝渚字中川間 300　ベイシア鴨川店内","jJ5qisioMLsJtUmHaxFRGw","35.095495 140.104703"
"にこぱアクロスモール新鎌ヶ谷","千葉県 鎌ケ谷市 新鎌ケ谷 2-12-1　アクロスモール新鎌ヶ谷2F","_9fUADSWoL5tkqro0gfLkA","35.78085 140.001265"
"モーリーファンタジー鎌ヶ谷","千葉県 鎌ケ谷市 新鎌ケ谷 2-7-1　イオン鎌ヶ谷SC　イオン鎌ヶ谷店2F","FJ-UFnADR7NA7cCnDu2zWw","35.778578 140.001049"
"プラサカプコン富津","千葉県 富津市 青木 124-1　イオンモール富津2F","E50pV4btJu14vBklEIgq8g","35.330073 139.84687"
"GiGO イオンスタイル新浦安SC","千葉県 浦安市 入船 1-4-1　イオンスタイル新浦安店4F","cY5s761DykubPF3kB8WeaA","35.6492933 139.9150944"
"ゲームプラザセントラル浦安","千葉県 浦安市 北栄 1-16-15　第四セントラルビル","BXwiJ_DXFJiKGWZjASoBwg","35.66516765 139.8933685"
"NICOPA＆nico ground 新浦安","千葉県 浦安市 明海 4-1-1　ニューコースト新浦安3F","bDNQv6EWCgZsxSuQoOQP2A","35.642924 139.922863"
"namcoシェラトントーキョーベイ","千葉県 浦安市 舞浜 1-9　シェラトン・グランデ・トーキョーベイ・ホテル　オアシス2F","U93fBIt9albDZ059R3cuLg","35.625605 139.876912"
"宝島四街道","千葉県 四街道市 めいわ 2-1-1　MEGAドン・キホーテ四街道店2F","uIIpaYZGBOKuxKlCa2bHHA","35.652638 140.169956"
"ポニー四街道","千葉県 四街道市 中央 5　イトーヨーカドー四街道店2F","TplBG55LbbpNBtkBAEzDrg","35.667778 140.165161"
"モーリーファンタジー長浦","千葉県 袖ケ浦市 長浦駅前 1-7　イオン長浦店2F","j9oTd93-kFHEv7Qkofw-4g","35.4502 139.997514"
"八街ヤングボウル","千葉県 八街市 八街ほ 380-11","5pSQSRzQzH6jTll8ga43ag","35.652081 140.319537"
"モーリーファンタジー八街","千葉県 八街市 文違 301　グリーンタウン八街SC　イオン八街店1F","vzY9TJt4dWFtCzmftp0rkg","35.681054 140.311506"
"モーリーファンタジー千葉ニュータウン","千葉県 印西市 中央北 3-1-1　イオンモール千葉ニュータウン　イオン千葉ニュータウン店3F","QFf5fZzFkT8E03ZThsuuBw","35.802952 140.113687"
"ゲームランド千葉ニュータウン","千葉県 印西市 中央北 3-2　イオンモール千葉ニュータウン　モール棟3F","FrM3OwFiPqlVEhEmJXSauA","35.8029522 140.1136873"
"アピナ印西","千葉県 印西市 原 1-2　ビッグホップガーデンモール印西2F","E5y7ILWSGuN8oAb__t20pQ","35.803391 140.164946"
"アミューズメントPLABIジョイフル本田千葉ニュータウン","千葉県 印西市 牧の原 2-1　ジョイフル本田千葉ニュータウン店2F","SuamsejnGrJehJBi83fmWA","35.805937 140.158988"
"ゲオ富里","千葉県 富里市 七栄 575","UEQMHGLDdzCkA8WdbsDQTg","35.741234 140.315216"
"フリスポ佐原","千葉県 香取市 佐原イ 4200　佐原ミナミボウルゲームコーナー","uL41kWjtAY4HQb0NTrRjzQ","35.901146 140.493511"
"トム・ソーヤのなかまたち。佐原","千葉県 香取市 佐原ホ 1236-1　サワラシティ2F","ir2BuQsx30wyiZdgewS0wA","35.90773 140.505797"
"千葉レジャーランド成東","千葉県 山武市 姫島 111-1","CCZZIs9jbUSX3K8jq5c0sA","35.5884342 140.3902745"
"ファンタジープラザ成東","千葉県 山武市 成東 1808-1　MEGAドン・キホーテ　ラパーク成東店2F","do7CJR0zQ8r2IQJ7B3G1Kw","35.595642 140.397395"
"メルヘンランドアミリー大網","千葉県 大網白里市 みやこ野 1-1-1　アミリィ大網白里SC3F","74FEmm2Kf9Eqx3ZQBXCMgQ","35.519154 140.314818"
"ファミリーランドあそびのくに大網白里","千葉県 大網白里市 大網 273-2　ベイシア大網白里店1F","M8d41sVXT8F0KPDzv2ClKw","35.523422 140.327057"
"スコナランド酒々井","千葉県 印旛郡酒々井町 本佐倉 457-2　スーパーセンタートライアル酒々井店2F","KukKCK9ki9BkJR8X30eNWQ","35.72149 140.256567"
"ファミリーランドあそびのくにベイシア長生","千葉県 長生郡長生村 金田 3237　ベイシア長生店内","hyQoE9qk7i3Idzomqc7CQQ","35.382985 140.355308"
"Hey","東京都 千代田区 外神田 1-10-5　廣瀬本社ビル","_QJ_v7QJD6_3GmPsuxTnrw","35.69903284 139.7709417"
"GiGO 秋葉原1号館","東京都 千代田区 外神田 1-10-9","eTO0AUSB2uwlany_y-vvIA","35.698702 139.771017"
"GiGO 秋葉原3号館","東京都 千代田区 外神田 1-11-11　外神田1丁目ビルディング","WMmdPnfhjImvS2zUNFut3Q","35.699257 139.770904"
"namco秋葉原","東京都 千代田区 外神田 1-15-9","s-OlMZTtnjjcIfIGK4NaUA","35.698009 139.772416"
"東京レジャーランド秋葉原","東京都 千代田区 外神田 1-9-5","YlXs7PTJ5d1KKhc6E0qvcA","35.69885423 139.7701049"
"タイトーステーション秋葉原","東京都 千代田区 外神田 4-2-2　貴三ビル","_eibz69Hb8bFn6hEZQmGMQ","35.700222 139.771718"
"東京レジャーランド秋葉原2号","東京都 千代田区 外神田 4-3-3　ミナミビル6・7F","Fkt_NpDF1gcaMOz7dpSMqA","35.7007841 139.7718859"
"東京ジョイポリス","東京都 港区 台場 1-6-1　デックス東京ビーチ3～5F","1YMP4dZyJ15gjG782-d2Jg","35.628914 139.77539"
"プリモピア台場","東京都 港区 台場 1-6-1　デックス東京ビーチアイランドモール3F","41XB_AsOnhJh3b74hVRsBQ","35.62921 139.775911"
"東京レジャーランドお台場","東京都 港区 台場 1-7-1　アクアシティお台場4F4A区画","12cdvx6_bJv3aOlmAmOPEQ","35.627819 139.773568"
"アミューズメントアイランドセガ","東京都 港区 高輪 4-10-30　品川プリンスホテル　アネックスタワー内ボウリングセンター","3GJkAq2lH4VpuLMmtpEQhg","35.62803 139.735508"
"新宿スポーツランド本館","東京都 新宿区 新宿 3-22-12","YElI7xKKPkVecrB1Yf0BtA","35.693126 139.701829"
"タイトーステーション新宿東口","東京都 新宿区 新宿 3-22-7　指田ビル","cbsbP0WpTjKN6-9nexwQfg","35.69323861 139.7013438"
"ゲームイエストロン","東京都 新宿区 新宿 3-34-9","9IM8MCslcMoUqdQt8WfAug","35.690596 139.702397"
"タイトーステーション新宿南口ゲームワールド","東京都 新宿区 新宿 3-35-8","kjwJcVqJoOp6fCNeraaMCg","35.68992089 139.7023094"
"ゲームパニック新宿歌舞伎町","東京都 新宿区 歌舞伎町 1-20-1　ヒューマックスパビリオン新宿歌舞伎町1F・2F","kogiSusW_Xa8raSLz4QVYA","35.695809 139.701513"
"GiGO 新宿歌舞伎町","東京都 新宿区 歌舞伎町 1-21-1　第二東亜会館1・2F","5gJkcHIk7sqR7gJn30EUvg","35.695223 139.701313"
"namcoTOKYO","東京都 新宿区 歌舞伎町 1-29-1　東急歌舞伎町タワー3F","hotRQxxY5I9ORgh2YrsqVA","35.695897 139.700649"
"ゲームプラザGAO歌舞伎町","東京都 新宿区 歌舞伎町 1-6-8　アミューズ歌舞伎町ビル1F","Mo0KsTCNAH0QdqIUYYaNrA","35.694021 139.702724"
"新宿バッティングセンター","東京都 新宿区 歌舞伎町 2-21-13","VVjkB7GJhTmmHHwrv9Yzgg","35.696632 139.70437"
"GiGO 新大久保","東京都 新宿区 百人町 2-10-1　南雲ビルB1F","yHO_xyw3mDBqSu0oggn-Ew","35.701786 139.699514"
"GiGO 神楽坂","東京都 新宿区 神楽坂 2-11　第2カグラヒルズ1F","eODcmAvB7oiXpnqG3r8_yg","35.701037 139.742011"
"GiGO新宿西口","東京都 新宿区 西新宿 1-12-5　西口三平ビル","QBMUwlBi9EUfqaBNd-XFZQ","35.68948738 139.697409"
"タイトーステーションBIGBOX高田馬場","東京都 新宿区 高田馬場 1-35-3　BIG BOX高田馬場6F","SNT5FrR1RNQH3ToEods_6g","35.71259101 139.704372"
"GiGO 高田馬場","東京都 新宿区 高田馬場 4-7-5　高田馬場グランド東京ビル","LkdrLwBP7_O-w3HliV6VsA","35.713602 139.703722"
"GiGO 東京ドームシティ","東京都 文京区 後楽 1-3-61　アミューズメント部","xnGhK1JAbCzgOAcdhKgrWw","35.704994 139.753809"
"東京ドーム","東京都 文京区 後楽 1-3-61　黄色いビル4F　打撃王","DzJh3p3imGH09tNwqr7bMg","35.703595 139.751872"
"タイトーステーション上野アメ横","東京都 台東区 上野 4-10-17","iiq20kMDQS2Uz99D2HvUhg","35.710534 139.774424"
"タイトーステーション上野御徒町","東京都 台東区 上野 4-6-9　湯島商事ビル","exTyM-RAJo6XRc0A1lMJ7w","35.708891 139.774377"
"アドアーズ上野アメ横","東京都 台東区 上野 4-9-14　上野K.K.ビルB1～4F","_Yws2EzN95JD_MlHXBz4qA","35.70955287 139.7742221"
"タイトーステーション浅草","東京都 台東区 浅草 1-27-5","NvptRj3H7LEmwZ3agBeeGw","35.71261279 139.7939095"
"アドアーズ浅草","東京都 台東区 浅草 1-42-4　パシフィックコート浅草B1・1F","vej3pd48eMKhUc4RyQa-Gw","35.71323129 139.7934669"
"浅草花やしき","東京都 台東区 浅草 2-28-1","lvztauTwGzvKw0_DBZXDOQ","35.715282 139.794544"
"キッズプラザきゃらんど曳舟","東京都 墨田区 京島 1-2-1　イトーヨーカドー曳舟店4F","2Yx8E_hxUcCCKdSIUlBJYQ","35.717456 139.817784"
"タイトーFステーションオリナス錦糸町","東京都 墨田区 太平 4-1-2　オリナスモールB1F","RaZcGCcd8ZbHCrhGIY8zBA","35.70040074 139.8156488"
"ハローズガーデンモラモラ墨田文花","東京都 墨田区 文花 1-31-9　オリンピック墨田文花店1F","JkrRfmFAchhye-5DB1bcNw","35.706804 139.82362"
"NICOPA＆nico ground 丸井錦糸町","東京都 墨田区 江東橋 3-9-10　丸井錦糸町店4F","9UxfU9xawTt5US_u2C9sGg","35.695045 139.813668"
"タイトーステーション錦糸町楽天地","東京都 墨田区 江東橋 4-27-14　楽天地ビルB1F","oERfbDdmSSmABdi_f-U2Vg","35.696498 139.815807"
"アドアーズ亀戸","東京都 江東区 亀戸 5-2-6　サンエービル1～5F","cwCi9f1M_FyyJTXuymC4iw","35.69895443 139.8258412"
"ハローズガーデン北砂","東京都 江東区 北砂 2-17-1　アリオ北砂3F","JQ-p_GcEa1wZovrVEZ3Emg","35.682527 139.825773"
"ラウンドワン南砂","東京都 江東区 南砂 6-7-15　南砂町SCトピレックプラザ4F","wtvj3IWp4Y3zTXdJHHQYog","35.67191395 139.8359585"
"モーリーファンタジー南砂","東京都 江東区 南砂 6-7-15　南砂町SCトピレックプラザ　イオン南砂店3F","qY4lFN1WMGmH2slOan2WeQ","35.671699 139.835755"
"キッズスクエア東大島","東京都 江東区 大島 7-38-30　ダイエー東大島店3F","qFwcTNq9n80g4uX4qcPR1g","35.690875 139.84265"
"アドアーズ南砂町SUNAMO","東京都 江東区 新砂 3-4-31　南砂町SC　SUNAMO4F","tUjc0gkh9XFCvtRZ945fzQ","35.665124 139.835347"
"GiGO 有明ガーデン","東京都 江東区 有明 2-1-8　ショッピングシティ有明ガーデン5F　501区画","bauevgJYb4Jp7kNyApHzYg","35.638474 139.793103"
"namcoイトーヨーカドー木場","東京都 江東区 木場 1-5-30　イトーヨーカドー木場店2・3F","i9PpUmUjt5HDVXPTLJavMg","35.666149 139.8042"
"モーリーファンタジー東雲","東京都 江東区 東雲 1-9-10　イオン東雲SC　イオン東雲店2F","rEM6t3ulG2KDbF7oNHRRYg","35.64912 139.802346"
"アミュージアム豊洲","東京都 江東区 豊洲 2-4-9　アーバンドックららぽーと豊洲　シップIV3F","QvANxPU-tBCNn7oXIxXEiw","35.654822 139.791933"
"ラウンドワンスタジアムダイバーシティ東京プラザ","東京都 江東区 青海 1-1-10　ダイバーシティ東京プラザ6F　61000番","DR-gIODZjvd0wOxtt8Sklg","35.6251401 139.7753942"
"イトーヨーカドー大井町","東京都 品川区 大井 1-3-6　イトーヨーカドー大井町店内ゲームコーナー","PeHyc3QU6i85_hR5NNg50g","35.607171 139.733988"
"ゲームグース武蔵小山","東京都 品川区 小山 3-22-19","9hqThtUwMME0MA7jUJQMaQ","35.618974 139.705255"
"モーリーファンタジー品川シーサイド","東京都 品川区 東品川 4-12-5　イオン品川シーサイドSC　イオン品川シーサイド店2F","It1v2rZFLzN0moQ7OfG4yw","35.610951 139.74911"
"LABI品川大井町","東京都 品川区 東大井 5-20-1","iU5qMcXFp4t359MzjcGZQQ","35.605672 139.73525"
"GiGO 自由が丘","東京都 目黒区 自由が丘 2-10-9","nzyp7oMZCZYKxaGPZ7ESoQ","35.608444 139.667566"
"ソユーザウルスワールド大森","東京都 大田区 大森北 2-13-1　イトーヨーカドー大森店3F","Tdz5gso00z1Kmy4Vu0UaSw","35.586479 139.733046"
"GiGO 大森","東京都 大田区 山王 2-1-5　大森駅ララビル2F","qjSW1JBzYceqBvnOnUsiig","35.58994359 139.7284341"
"シルクハット大森","東京都 大田区 山王 2-4-1　大森駅前ビル2F","6986OGVEBEi0hNaIcq_zrg","35.5890284 139.728029"
"タイトーステーションBIGFUN平和島","東京都 大田区 平和島 1-1-1　BIGFAN平和島3F","tt1xG6-inRsGlqnHfENCYA","35.584355 139.740852"
"GiGO 池上","東京都 大田区 池上 6-2-3　松山ビル2F","UrybCfG7VA7e2Q_ySXZ3kg","35.572664 139.702127"
"ハローズガーデン新糀谷","東京都 大田区 萩中 2-12-5　マルエツ新糀谷店2F","gYz2F_bVwCad2DZzHonH8A","35.551144 139.732806"
"シルクハット蒲田西口","東京都 大田区 西蒲田 7-2-3　第二醍醐ビルB1～2F","ZFlsXGcII04t-cmIufQU_g","35.563073 139.715965"
"namco東急プラザ蒲田","東京都 大田区 西蒲田 7-69-1　東急プラザ蒲田7F","ix-IN0euCwHAiljq-I0bNg","35.561729 139.714587"
"ゲームズIMON蒲田","東京都 大田区 西蒲田 8-24-12　IMONボウル1F","9Ce74OSWlnbIWSxZDEQjHw","35.559857 139.714157"
"世田谷オークラボウル","東京都 世田谷区 桜 3-24-1","G5yEZ3ZeU3rhPNN6l77utw","35.64052 139.638638"
"アドアーズ渋谷","東京都 渋谷区 宇田川町 13-11　KN渋谷1ビル1～4F","F4P1nSSaJ-oLx0AmPL3TaQ","35.66128871 139.6982539"
"GiGO 渋谷","東京都 渋谷区 宇田川町 29-4","G8fs_Pms0jKJY92ukwjHEg","35.660679 139.69841"
"アミューズメントスペースASO:VIBA！","東京都 渋谷区 恵比寿 1-10-5　三恵エビスビル2・3F","FFmEzNE2SNEmuVWU8Yywpg","35.64680856 139.7109675"
"GiGO 渋谷宮益坂","東京都 渋谷区 渋谷 1-14-14　EST渋谷東口会館1F","2xEHM65OS8rDRV9Enc_Whw","35.660016 139.70259"
"タイトーステーション渋谷","東京都 渋谷区 渋谷 1-24-12　渋谷東映プラザビルB1・1F","EZWTlW64YKypLebpLtzA3Q","35.659955 139.7019553"
"アドアーズ中野","東京都 中野区 中野 5-52-15　中野ブロードウェイ1F　185","-NoWkNoJwRiNep1LBnGxtA","35.70920659 139.6656221"
"namco中野","東京都 中野区 中野 5-52-15　中野ブロードウェイ別館","BlQ9dEVrA_Oj20-Ywyri5Q","35.70910422 139.6661183"
"アピナ荻窪","東京都 杉並区 上荻 1-13-10　ハクサンビル","AKbzQtbQxbTAACYifp4ABQ","35.705014 139.618174"
"アドアーズ高円寺","東京都 杉並区 高円寺南 4-25-5　D-ASSETパル高円寺1～3F","NGS3XM60pApl3zty_S38HA","35.704519 139.649114"
"ゲームW","東京都 豊島区 南長崎 5-27-6","SJTfTmHPxS6xeskbr9uzQA","35.72919962 139.6828848"
"namco巣鴨","東京都 豊島区 巣鴨 1-15-1　宮田ビルB1・B2F","HA7tpRVAo6my84_HRuQ5Dw","35.7331841 139.7399226"
"アミューズメントスペースルモンド巣鴨","東京都 豊島区 巣鴨 2-5-9　藤田ビル","LiSKQnY3uaAIbF6VESskVw","35.734009 139.739675"
"GiGO 池袋3号館","東京都 豊島区 東池袋 1-1-4　池袋北辰ビル","r2d9ti-JNYm5Co5bha-ibw","35.72996 139.713217"
"GiGO 総本店","東京都 豊島区 東池袋 1-13-6","TzT3X8yKwuVVbfYS6FNJ1g","35.729531 139.71471"
"ラウンドワン池袋","東京都 豊島区 東池袋 1-14-1　池袋スクエア内","XVFBqLGoGGtHLD-_2pm7tQ","35.73000089 139.7148621"
"アドアーズサンシャイン","東京都 豊島区 東池袋 1-14-4　シネマサンシャイン1～3F","c2faQ65RdUc7L8KfrOaK0w","35.730025 139.714871"
"namco池袋","東京都 豊島区 東池袋 1-22-10　ヒューマックスパビリオン池袋サンシャイン60通りB1F","jFeULgmmhH-7muXm7pMcnw","35.72968 139.715769"
"東京レジャーランド池袋","東京都 豊島区 東池袋 1-29-1　サントロペ池袋2・3F","S3_B7xA2Tj-RCDAqAoEhDA","35.72995 139.713237"
"プラサカプコン池袋","東京都 豊島区 東池袋 1-30-1　キュープラザ池袋3F","dcMwW_nQJnVbU0sfIGSVcg","35.730993 139.716355"
"池袋バッティングセンター","東京都 豊島区 東池袋 1-30-1　キュープラザ池袋屋上","cCO3H1rEh-R4uZW2ZAWv3Q","35.730967 139.716377"
"アドアーズ池袋東口","東京都 豊島区 東池袋 1-41-4　池袋とうきゅうビル1・2F","LSePqOMx0Y0Lom7UBsNJ7A","35.7317863 139.7131455"
"ハイパーレーン","東京都 豊島区 東池袋 1-43-6　D-BOXビル3・4F","GPNs0SV4UPqXvSADJP1tQw","35.732848 139.713511"
"にこはぴきっず池袋","東京都 豊島区 西池袋 1-1-25　東武百貨店池袋本店7F","w2IonDKqCD09m8oITgrLLg","35.730342 139.710564"
"タイトーステーション池袋西口","東京都 豊島区 西池袋 1-15-9","bOP7azTcoAY7m5DWVD9WwA","35.73055 139.709742"
"タイトーステーション池袋ロサ","東京都 豊島区 西池袋 1-37-12　ロサ会館1F","m02isnaIz2ETdsmu5FB_0Q","35.73238724 139.7092402"
"namco王子サンスクエア","東京都 北区 王子 1-4-1　サンスクエアビル2F","7QH3F8Il6P_PZfkdDdFTrg","35.75299482 139.7388813"
"GiGO 赤羽駅前","東京都 北区 赤羽 1-2-4","ENHwoDol8N96gUob6ofMcw","35.778251 139.721592"
"GiGO 赤羽","東京都 北区 赤羽 1-7-9　赤羽第一葉山ビルB1F","xghdJL0PpJS_PJ719smIVg","35.7790173 139.7223472"
"わいわいランド赤羽","東京都 北区 赤羽西 1-7-1　イトーヨーカドー赤羽店6F","fTxPMEEwjyS4UEcA6hRyfQ","35.777223 139.719245"
"ゲームサファリ大山","東京都 板橋区 大山東町 60-10　やすだ大山駅前店2F","qIXiCUHTHWPk8lIeUBgV-w","35.7491146 139.7022305"
"モーリーファンタジー板橋","東京都 板橋区 徳丸 2-6-1　イオン板橋SC　イオン板橋店3F","Wi7cefJYlgfMYOM32O6EMg","35.770206 139.660864"
"ラウンドワンスタジアム板橋","東京都 板橋区 相生町 16-13","6uH9mqwjq-ezWQbDb6cFsg","35.77662624 139.6786416"
"キッズパーク リヴィン光が丘","東京都 練馬区 光が丘 5-1-1　IMA リヴィン光が丘5F","Ju5OQ__Z64kR67oRK8-vvw","35.758898 139.628792"
"namcoイオン練馬","東京都 練馬区 光が丘 5-1-1　イオン練馬店4F","q_Cd3yoVdSiy4d_zd0Wpxg","35.759294 139.628017"
"アミュージアム大泉","東京都 練馬区 東大泉 2-10-11　LIVINオズ大泉店5F","wLRdCQMB9f2vnuM-cxFuPg","35.752282 139.595431"
"アミュージアムOSC","東京都 練馬区 東大泉 2-34-1　オズ・スタジオ・シティ2F","LkcTe8MfE8pjGrqnd0uhWA","35.7530835 139.5947566"
"ゲームパーク石神井公園","東京都 練馬区 石神井町 3-17-16","znVi0xnIOyxDSaOI1AhYQA","35.742783 139.604521"
"ウェアハウス保木間","東京都 足立区 保木間 1-1-19","O812QeQDwrGKUMuMdZgmPw","35.78917907 139.8031792"
"ウェアハウス入谷","東京都 足立区 入谷 7-8-11","8NcfMa5gz3-W39SpLji9Cw","35.80122957 139.7609746"
"イオン西新井","東京都 足立区 梅島 3-32-7　イオン西新井4Fプレビプレイランド","mRekeCFUJoQyRDYVKwRmMw","35.777676 139.79125"
"GiGO 竹の塚","東京都 足立区 竹の塚 6-8-6","hG35cxR2XNJmIno4y-RfkA","35.794751 139.792497"
"あそんじゃ王国アリオ西新井","東京都 足立区 西新井栄町 1-20-1　イトーヨーカドーアリオ西新井店3F","uj6hHJIdE-uL9JgQNdKeqA","35.774732 139.785958"
"ハイテクランドキューデン","東京都 足立区 西新井栄町 2-7-2　球殿2F","qGSuoCfibnE-2c9lJZFqOw","35.777189 139.789391"
"ゲオ鹿浜","東京都 足立区 谷在家 2-11-2","jG6v-qviKaO6F8ohTvnujA","35.783443 139.766115"
"東京レジャーランド亀有","東京都 葛飾区 亀有 3-21-2","7WeZp98sG5l5t298FDHPPA","35.7654165 139.8480115"
"イトーヨーカドーアリオ亀有","東京都 葛飾区 亀有 3-49-3","71KoM8Q8cJ8fZFwBKZm8nA","35.765946 139.854167"
"こち亀ゲームぱ～く","東京都 葛飾区 亀有 3-49-3　アリオ亀有3F","o_kdQyC1ozIzjXo7WkU5vw","35.764928 139.852167"
"わいわいランド四つ木","東京都 葛飾区 四つ木 2-21-1　イトーヨーカドー四つ木店3F","w9OzFwLcTs6X1Tp9hppEaA","35.737223 139.838576"
"東京天然温泉古代の湯","東京都 葛飾区 奥戸 4-2-1　3Fゲームコーナー","O3kz7U_o15RnTI5XL6M3pw","35.729493 139.863126"
"アドアーズ新小岩","東京都 葛飾区 新小岩 1-44-4　リバティビルB1～3F","6LLAHzMEASAvjK_ozDYSXg","35.716169 139.85813"
"江戸川ヤングボウル","東京都 江戸川区 中央 4-22-25","_PcS3ppN4kNpsZy2HUKmPQ","35.711256 139.869435"
"京葉アローズ 小岩倉庫","東京都 江戸川区 南小岩 1-6-6","EVYYasdmbuVTO205cNoPiw","35.729657 139.890526"
"イトーヨーカドーアリオ葛西","東京都 江戸川区 東葛西 9-3-3　アリオ葛西","THjwwoLghjQKVl76GIIozw","35.653768 139.882249"
"セガワールド葛西","東京都 江戸川区 東葛西 9-3-3　イトーヨーカドー葛西店3F","-DYK7w1QS75RSMjV7He65w","35.652514 139.881787"
"宝島瑞江","東京都 江戸川区 瑞江 2-1-2　ドン・キホーテ　ラパーク瑞江店4F","L2vRuh7QvWxr8Z7DjlVbEg","35.692847 139.896753"
"GiGO 船堀","東京都 江戸川区 船堀 1-6-11","F0m56VLrB_9JV-XVDwEOWw","35.68480354 139.8639071"
"イトーヨーカドー小岩","東京都 江戸川区 西小岩 1-24-1","NbITNUqM4Pv2cOEuk8vRPw","35.733625 139.881368"
"キャッツアイ西葛西","東京都 江戸川区 西葛西 4-2-28　サニーモール西葛西3F","rya1VIqf7E2s3iDCKZD6tA","35.668324 139.861802"
"GiGO 西葛西","東京都 江戸川区 西葛西 5-1-14　第一保志ビル","22ncYCzeXPyf8D8UDEmr9w","35.665297 139.859269"
"アピナ八王子みなみ野","東京都 八王子市 みなみ野 1-2-1　アクロスモール3F","iqhcSwoVCCllFHhUa5G4gQ","35.63049454 139.3296003"
"東京あそびマーレ","東京都 八王子市 別所 2-1-2　ビア長池新館内","TgeLVcI32ANM6LLScQomuw","35.623535 139.40015"
"ソユープレイランドソピア南大沢","東京都 八王子市 南大沢 2-28-1　イトーヨーカドー南大沢店3F","ybQovipNqQtFMTG0kzOKvw","35.613228 139.37948"
"シルクハット八王子","東京都 八王子市 旭町 2-5　八王子ツインタワービルA館","uCuTGy2TKkyo_DKTEyQwGg","35.65630682 139.3384275"
"NICOPA＆nico ground イーアス高尾","東京都 八王子市 東浅川町 550-1　iias高尾2F","IeR6Cx2dpBuaDfbgiquq1A","35.645164 139.291272"
"ゲームプラザセントラル八王子","東京都 八王子市 東町 12-15　第五セントラルビル","Z_52hsJrffyzWMqIs5C-Og","35.65803722 139.3381512"
"ソユープレイランドソピア八王子","東京都 八王子市 狭間町 1462-1　イトーヨーカドー八王子店3F","ie7YmojqVnyQWBf_r8Pcbw","35.637918 139.293436"
"ドラマ八王子高倉","東京都 八王子市 高倉町 55-4","KIdCTp9vgKMB1pOWen-b8Q","35.66507177 139.3664861"
"タイトーステーション立川北口","東京都 立川市 曙町 2-4-5","Yih1CoKG2xSObe7uo60VVw","35.69911 139.412096"
"GiGO 立川","東京都 立川市 柴崎町 3-2-1　サザンビル1F","l1PJ2RhdSrzlUBvi1hI1ow","35.69751 139.41462"
"namcoららぽーと立川立飛","東京都 立川市 泉町 935-1　ららぽーと立川立飛3F","5ib43fYRsAq0x8H9KhERBg","35.712978 139.41456"
"ゲームセンターWILL WGC","東京都 立川市 羽衣町 2-4-13　羽衣長田ビル101　WGC","RJeQ16DDc4abdIq9Dbhr4w","35.696422 139.428803"
"プラサカプコン吉祥寺","東京都 武蔵野市 吉祥寺本町 1-10-1　いなりやビルB1F","m5Fn3xvt1CTW_CexoKpzqA","35.70534938 139.5790887"
"ラウンドワン吉祥寺","東京都 武蔵野市 吉祥寺本町 1-11-22","Yuo1s49iDiztJYkC7i3vrA","35.706302 139.58078"
"NICOPA吉祥寺","東京都 武蔵野市 吉祥寺本町 1-11-5　コピス吉祥寺5F","27fuIzXsQrp7342Y4o33uw","35.705077 139.579677"
"東京レジャーランド吉祥寺","東京都 武蔵野市 吉祥寺本町 1-3-7　YSビルB1～4F","nAU8y234GWkWLkAsxdpmlQ","35.703598 139.578705"
"タイトーFステーション吉祥寺JOY","東京都 武蔵野市 吉祥寺本町 1-8-23　河田ビル","jUVIY26MxD1BjaUmD0ahEQ","35.704189 139.57953"
"ポニー武蔵境","東京都 武蔵野市 境南町 2-2-20　イトーヨーカドー武蔵境店東館3F","ccrKVgBZE-cycdYMgERVoQ","35.701319 139.545835"
"キャロム青梅","東京都 青梅市 千ケ瀬町 4-326-1","ZE12GWkELK5D0AR-iCvjgw","35.78611339 139.2699373"
"ゲオ青梅新町","東京都 青梅市 新町 5-4-3","MW6svIKeHmbyCpvr8DyxPA","35.786408 139.307516"
"ハローズ府中四谷","東京都 府中市 四谷 5-23-12　ホームセンターコーナン府中四谷店内ゲームコーナー","CpJ7OIkDoFsMZfSUAy0iCw","35.667372 139.437282"
"プラサカプコン府中","東京都 府中市 宮町 1-41-2　ミッテン府中7F","AGo4Pk-iP5_sf7JH3O4M5w","35.670795 139.479823"
"ラウンドワン府中本町駅前","東京都 府中市 本町 1-13-3　カネタビル","Tk0mfSgQLoQ1yJXInOLHlg","35.6672404 139.4773782"
"GiGO 府中","東京都 府中市 西原町 1-6-2　府中クレッセ2F","zTsTkYbfbM6UbSyAtyEzYQ","35.682405 139.460398"
"アクエス","東京都 府中市 西府町 3-15-20","TBmaAS2H9iPEMR4xaD9rmQ","35.678047 139.457379"
"ザ・ビッグ昭島アミューズパーク ","東京都 昭島市 宮沢町 500-1　ザ・ビッグ昭島店3F","7D2mig2eaMXidnxqMZw0MA","35.716263 139.373049"
"ポニー拝島","東京都 昭島市 松原町 3-2-12　イトーヨーカドー拝島店2F","k4-QJynUw-zIlWm1mT-ATA","35.715484 139.347866"
"アミュージアムモリタウン昭島","東京都 昭島市 田中町 562-1　モリタウン東館2F","K81Z-jDUc8wUeyYANYxlrg","35.713926 139.363266"
"アドアーズ仙川","東京都 調布市 仙川町 2-21-12　VICビル7　1～3F","r-qoNkjNS-0akdAPimoKXA","35.662492 139.584094"
"アドベンチャーリーフ国領","東京都 調布市 国領町 8-2-64　イトーヨーカドー国領店3F","sX_S4FmXYlqox2SztOp7fg","35.646849 139.563869"
"アミューズランドモナコ調布駅前","東京都 調布市 布田 4-2-22","u3rUqN1J7ItwkxYdQYgi8g","35.65121565 139.5443407"
"にこぱ仙川","東京都 調布市 若葉町 2-1-7　島忠ホームズ仙川店2F","ehEoBvwdzcrHvrjHuBSaaA","35.658908 139.586788"
"GiGO 町田","東京都 町田市 原町田 6-13-17　アーバンミサワビルB1・1F","p_8gYsYmf71ucHkZWTjV6w","35.543868 139.446982"
"タイトーステーション町田","東京都 町田市 原町田 6-21-23　松山ビル","WTq6n5ZpC40Z8CPuEWRrXA","35.54269402 139.4484544"
"アドアーズ町田","東京都 町田市 原町田 6-21-25　大正堂第2ビル1～4F","X0PvqucbXboibf0_RtkFcQ","35.54283 139.448182"
"アソビニムチュウ町田多摩境","東京都 町田市 小山ヶ丘 6-1-10　MrMax町田多摩境店内","rzx_GhDJQkCG_LCUKFhRLQ","35.606392 139.349928"
"プレビままともプラザ","東京都 町田市 旭町 1-24-1　ままともプラザ町田2F","Qimz6KkP2n9iBpT96B1byQ","35.554861 139.442535"
"こころっこ町田根岸","東京都 町田市 根岸町 2-18-1　アメリア町田根岸SC2F","5Rl0zG39vsZc7p4vt4GPqQ","35.576331 139.410548"
"ラウンドワン町田","東京都 町田市 森野 1-13-14","lRJjNr5TpAmhIptlbQXoKw","35.54395329 139.4432428"
"GiGO 南町田グランベリーパークキッズディスカバリー","東京都 町田市 鶴間 3-4-1　グランベリーパークキッズディスカバリー2F　E201","4QaAaMFPAERunpkf3wkdZA","35.509838 139.469959"
"GiGO 南町田グランベリーパークワンダーシアター","東京都 町田市 鶴間 3-4-1　グランベリーパークワンダーシアター1F　H103","PMsO4eW_3Cm-ZT39jSglOw","35.509838 139.469959"
"東京・湯河原温泉 万葉の湯","東京都 町田市 鶴間 7-3-1","nNpCrsiOEBNAmf04o7qZJA","35.507559 139.477245"
"大栄ボウル","東京都 小金井市 本町 5-38-36　大栄スポーツプラザビル","1qPn_maeWyw4a88uwI1N4g","35.704648 139.507266"
"ハローズガーデン武蔵小金井","東京都 小金井市 本町 6-14-9　イトーヨーカドー武蔵小金井店4F","6tT_UNSou4ml3G17b9Rznw","35.700496 139.504814"
"ウェアハウス一橋学園","東京都 小平市 学園東町 1-4-39　平山ビル3F","rzoBvmyQ0uKnIKRR1VbGSw","35.723403 139.480716"
"モーリーファンタジー小平","東京都 小平市 小川東町 2-12-1　ダイエー小平店2F","1aTAPOT4k6OB9Hrl3g-Iuw","35.743242 139.467706"
"モーリーファンタジー多摩平の森","東京都 日野市 多摩平 2-4-1　イオンモール多摩平の森3F","gQVv8S5d6BK0yrUAdQkbaQ","35.662369 139.380768"
"タイトーステーション国分寺","東京都 国分寺市 本町 3-5-11","vfwnTBMykKE4MtOGLeikWg","35.700731 139.481363"
"キッズパーク 西友福生","東京都 福生市 東町 5-1　西友福生店5F","0Rd1SodupWedowc37YOoEw","35.743253 139.328015"
"GiGO 福生","東京都 福生市 福生 1076-1","sE6mrk-qjpgYfhozpXyhTA","35.7446608 139.3242655"
"ハローズガーデン東大和","東京都 東大和市 桜が丘 2-142-1　イトーヨーカドー東大和店2F","baXwJGz2_lyXXCnHKaIUHQ","35.735873 139.424338"
"モーリーファンタジー東久留米","東京都 東久留米市 南沢 5-17　イオンモール東久留米　イオン東久留米店3F","152o8zV2JQBz3aQrvKOCVg","35.745657 139.528001"
"こころっこ東久留米","東京都 東久留米市 本町 3-8-1　イトーヨーカドー東久留米店3F","a7GX7n4d7b4V2m_zfgUZdQ","35.759014 139.528787"
"モーリーファンタジークルネ","東京都 東久留米市 野火止 1-3-3　東久留米SCクルネ1F","my6k76LfojcuQF6u6NHnsQ","35.759606 139.511651"
"ラウンドワン武蔵村山","東京都 武蔵村山市 伊奈平 3-1-1","8iZuUbTglvWjD2OAAv7VYw","35.735329 139.382362"
"タイトーFステーションダイエー武蔵村山","東京都 武蔵村山市 伊奈平 3-36-1　ダイエー武蔵村山店2F","kjN7yY7SlHDPY42s3KSA2w","35.735561 139.378917"
"GiGO イオンモールむさし村山","東京都 武蔵村山市 榎 1-1-3　イオンモールむさし村山2F","406iM-QvTIdgqtFquhD-ZA","35.746741 139.385067"
"モーリーファンタジーむさし村山","東京都 武蔵村山市 榎 1-1-3　イオンモールむさし村山　イオンむさし村山店3F","cNHghHm2ikn1Z91MP-p07Q","35.746746 139.384991"
"アミューズメントスペースカプセル","東京都 多摩市 永山 1-3-4　ヒューマックスパビリオン永山B1～2F","WaaJBnx2sz6NQCPIbprnhQ","35.631434 139.447925"
"キッズトレイン永山","東京都 多摩市 永山 1-4　グリナード永山3F","u1pYXK77W-6kdBfI5KDAQA","35.629208 139.44806"
"Amusement&amp;Game MAGHREB","東京都 多摩市 落合 1-41-1　マグレブWEST 1・2F","3f2m-WCjPzKI_MasZEjnNw","35.6245439 139.4256174"
"タイトーステーション多摩センター","東京都 多摩市 落合 1-45-1　丘の上パティオ","B13ruAQU2jFzjI9ZOtipfA","35.623294 139.426557"
"キッズトレイン聖蹟桜ヶ丘","東京都 多摩市 関戸 1-10-1　京王聖蹟桜ヶ丘SC　A館8F","5wUQVJS6V5wHNCcMzzB1eg","35.650594 139.447417"
"PALO聖蹟桜ヶ丘","東京都 多摩市 関戸 4-72　聖蹟桜ヶ丘オーパ店6F","ejtOrgli98ZjVuBUBYAS8g","35.64958972 139.4472259"
"プレビソコラ若葉台","東京都 稲城市 坂浜 1325-1　SOCOLA若葉台3F","DOX1pBoxJpd9DPzJU5Hvmg","35.625425 139.484742"
"アミューズメントカフェプレビアメリア稲城","東京都 稲城市 矢野口 2284-1　アメリア稲城SC2F","8M9GzdnZtykbmYYeTa83Hw","35.635598 139.515383"
"よみうりランド丘の湯","東京都 稲城市 矢野口 3302-8","QDmt47BSkiisFk6hOapJjg","35.625866 139.515025"
"プレイパーク","東京都 稲城市 矢野口 4015-1　よみうりランド内","RhyyxniuTa6-rGtIq4qZvQ","35.631975 139.517143"
"ゲームパラダイス東京サマーランド","東京都 あきる野市 上代継 600","3QPt6MoA-UQ0WES3Xb0D-A","35.717416 139.27741"
"ハローズガーデンあきる野東急","東京都 あきる野市 秋川 1-17-1　あきる野とうきゅう4F","xhtoJSYL_-tzXYlNqQRC7g","35.730736 139.287326"
"モーリーファンタジー日の出","東京都 西多摩郡日の出町 平井 字三吉野桜木237-3　イオンモール日の出　イオン日の出店3F","H__aCLDatVC4vXWkLxLfoQ","35.734839 139.275261"
"ユーズランド日の出","東京都 西多摩郡日の出町 平井字三吉野桜木 237-3　イオンモール日の出3F","epO3RpifzpZpLxfF1iasgQ","35.73496511 139.2753553"
"ドラマ瑞穂","東京都 西多摩郡瑞穂町 武蔵 382-1","lNHNCsl9IrByBAXOpuiqEg","35.76359044 139.3567389"
"namco伊勢佐木町","神奈川県 横浜市中区 伊勢佐木町 3-95","RI_c3JAyUwm4vDL9-DcFIg","35.442814 139.630276"
"シルクハット伊勢佐木町","神奈川県 横浜市中区 伊勢佐木町 3-96　日活会館3F","3bWuQDdHOePICuG1SK56wA","35.44281026 139.6299836"
"GiGO 横浜中華街","神奈川県 横浜市中区 山下町 80-1","i3rMR-liFXBX6qiYdAkm7Q","35.4438133 139.648036"
"アピナ山下公園","神奈川県 横浜市中区 新山下 1-2-8　港山下ナナイロビル2F","0dE1anABv5c2Du7yJhTnJw","35.442352 139.654383"
"namco横浜ワールドポーターズ","神奈川県 横浜市中区 新港 2-2-1　横浜ワールドポーターズ5F","Q5OczLieLAzSlPoEDhZ4-Q","35.454282 139.638525"
"バンダイナムコ Cross Store 横浜","神奈川県 横浜市中区 新港 2-2-1　横浜ワールドポーターズビブレ2F","p6-3QZ8AM5V1Z0sj1mBqrw","35.454017 139.638763"
"横浜みなとみらい 万葉の湯","神奈川県 横浜市中区 新港 2-7-1　8Fお祭り広場","W4zRCdVH9l8Ai3Q1YGMjWA","35.455962 139.638178"
"よこはまコスモワールド 一文字地区","神奈川県 横浜市中区 新港 2-8-1","mjFNBxOzFvYMWe0FJjm4NQ","35.455226 139.636642"
"モーリーファンタジー本牧","神奈川県 横浜市中区 本牧原 7-1　イオン本牧店5F","NfDLJThZ22j6osQC12Sc1Q","35.425499 139.667071"
"モーリーファンタジー天王町","神奈川県 横浜市保土ケ谷区 川辺町 3","U8NV3iSHoDhB06SPg7cANw","35.459206 139.597405"
"タイトーステーションイトーヨーカドー横浜別所","神奈川県 横浜市南区 別所 1-14-1　イトーヨーカドー横浜別所店2F","jtDOKaHSxlVurjnLbqzByQ","35.415893 139.59478"
"スイーツファンタジーパックン戸塚","神奈川県 横浜市戸塚区 上倉田町 769-1　アピタ戸塚店3F","csuzBwt5Beu4632TS9sTFQ","35.399094 139.537546"
"モーリーファンタジー東戸塚","神奈川県 横浜市戸塚区 品濃町 535-1　オーロラシティ　イオンスタイル東戸塚4F","B0sjcOvJWr5jv2OBXyZGwA","35.430598 139.561038"
"タイトーステーション戸塚西口","神奈川県 横浜市戸塚区 戸塚町 4023","qPEde2NsqUOT7R5n1QDqUA","35.39952111 139.5318496"
"モーリーファンタジーサクラス戸塚","神奈川県 横浜市戸塚区 戸塚町 4253-1　サクラス戸塚2F","Rd8tP1Y8LFBt01eY82kRnQ","35.401182 139.530816"
"NICOPA四季の森フォレオ","神奈川県 横浜市旭区 上白根 3-41-1　横浜四季の森フォレオ3F","UYvXnAyKG4UmaYX9p_0aqw","35.498984 139.540867"
"アミューズメントパラダイスシティ","神奈川県 横浜市旭区 二俣川 1-43-28　ドン・キホーテ二俣川店5F","1nNhNgerzZf0BN56kqPrYQ","35.464827 139.531813"
"キッズプラザきゃらんど立場","神奈川県 横浜市泉区 中田西 1-1-15　イトーヨーカドー立場店3F","G2fXrLxOfkT139wZ3iUbjg","35.413179 139.500498"
"namcoトレッサ横浜","神奈川県 横浜市港北区 師岡町 700　トレッサ横浜南棟3F","FC1PJfMWFiq_akqVYc0Xbw","35.524613 139.645609"
"モーリーファンタジー横浜新吉田","神奈川県 横浜市港北区 新吉田東 8-49-1　イオン横浜新吉田SC　イオン横浜新吉田店2F","RLHk1yTzgRG-MO4JLVSxMA","35.532456 139.612812"
"イミグランデ日吉","神奈川県 横浜市港北区 日吉 2-2-4　日吉ビル","vfZAAwvNliDaDTWBVTGb-Q","35.55403113 139.6464658"
"イミグランデ日吉3","神奈川県 横浜市港北区 日吉 2-4-2","VQf1lCht-fVzxdbf6yfW2g","35.554492 139.646611"
"ラウンドワン横浜綱島","神奈川県 横浜市港北区 樽町 2-6-40　T-PLATZ","f6Gz2DZZ45_Di1FNbogGAA","35.531998 139.637179"
"GiGO綱島","神奈川県 横浜市港北区 綱島西 2-6-29　城田ビル1～3F","qlt9SDdZg6F2XuuT8v_h3w","35.53639081 139.6328616"
"ソユーゲームフィールド上大岡","神奈川県 横浜市港南区 上大岡西 1-18-3　ミオカリスト館6F","ndQ_rD2lezuhAo6TbS4JNg","35.40778 139.595299"
"アミューズメントパークジアス上大岡","神奈川県 横浜市港南区 上大岡西 2-1-28　赤い風船パーク本館2F","7pcdi0GG86PjSUjHsJxjew","35.40663738 139.5961046"
"モーリーファンタジー港南台","神奈川県 横浜市港南区 港南台 3-1-2　イオンフードスタイル港南台店4F","RsP85CQmFJkg9J9JQNVUQg","35.375835 139.577304"
"モーリーファンタジー三ツ境","神奈川県 横浜市瀬谷区 三ツ境 7-1　イオンフードスタイル三ツ境店2F","ULTR_Dmysbzj3hsypGF_zA","35.465976 139.504051"
"GiGO 新杉田","神奈川県 横浜市磯子区 杉田 1-1-1　らびすた新杉田2F","OLKTYMadAAtvWIItlgQmSw","35.38582242 139.6192789"
"ゲームプラザピア小林","神奈川県 横浜市磯子区 杉田 1-17-11　プララ杉田　杉田とうきゅう2F","YVDYI7avR0c9tze27g73FQ","35.38386 139.616298"
"プラサカプコン磯子","神奈川県 横浜市磯子区 磯子 1-1-1　マリコム磯子SC2F","YKD2zpcnt73lwwmCDGDxGQ","35.413416 139.626061"
"モラモラ東神奈川","神奈川県 横浜市神奈川区 富家町 1　イオン東神奈川店4F","3LC91o-E-UZG-_TLRB9SAQ","35.480098 139.633217"
"スイーツファクトリーパックン長津田","神奈川県 横浜市緑区 長津田みなみ台 4-7-1　アピタ長津田店2F","z1ogZGk5c0uWlGCFGyZXSg","35.518448 139.49865"
"タイトーステーション横浜西口五番街","神奈川県 横浜市西区 南幸 1-12-9","yxzxsSQbWwWnWaXvuAOtwA","35.4647303 139.6195207"
"ラウンドワン横浜駅西口","神奈川県 横浜市西区 南幸 2-8-16","iLHpYbDKF0BZL-z8dGegTw","35.46386828 139.6180451"
"サープラ横浜あそびタウン","神奈川県 横浜市都筑区 中川中央 1-25-1　ノースポート・モール6F","aYhZHEmQz1GdXwTIIf2d6Q","35.55186859 139.5793247"
"モーリーファンタジー港北","神奈川県 横浜市都筑区 中川中央 1-31-1　モザイクモール港北5F","aycDsQWpiLhoywW7gyic5Q","35.554972 139.577854"
"namco都筑","神奈川県 横浜市都筑区 川和町 846-1","FRv6X34aMwJDd2sy6GH_zA","35.51985344 139.553479"
"ドラマ港北インター","神奈川県 横浜市都筑区 東方町 321-6","7vwCKZ0ruNLUK-MPdfq5kQ","35.51933386 139.584775"
"namcoららぽーと横浜","神奈川県 横浜市都筑区 池辺町 4035-1　ららぽーと横浜2F","pGj68PtwBGGUcC-GR3Mv6w","35.517909 139.566314"
"イトーヨーカドーららぽーと横浜","神奈川県 横浜市都筑区 池辺町 4035-1　ららぽーと横浜イトーヨーカドー店内","f5Lz2KobCh-TUrXAPtik0w","35.516675 139.56508"
"ファンタスティックジャーニー横浜","神奈川県 横浜市都筑区 池辺町 4035-1　イトーヨーカドーららぽーと横浜店2F","7c5DDKnSZTWlv7FMNDJuhg","35.517909 139.566314"
"GiGO センター南","神奈川県 横浜市都筑区 茅ケ崎中央 3-25　aune港北1F","W-xCYkmE4lyJN6SsSKg6hA","35.544602 139.574639"
"namco港北TOKYUショッピングセンター","神奈川県 横浜市都筑区 茅ケ崎中央 5-1　港北TOKYU SC6F","sVjhQCTJtRpLdOHIET0jyA","35.544426 139.572422"
"スコナランド金沢シーサイド","神奈川県 横浜市金沢区 並木 2-13-1　イオン金沢シーサイド店3F","C5Ox7_JOjgceWts51qnu2g","35.361863 139.6393"
"モーリーファンタジー金沢八景","神奈川県 横浜市金沢区 泥亀 1-27-1　イオン金沢八景店2F","E6eOccu9tfU7_1la09fALQ","35.333834 139.62242"
"キッズパーク イトーヨーカドー能見台","神奈川県 横浜市金沢区 能見台東 3-1　イトーヨーカドー能見台店3F","BqNgs33wAQf9VGT-TWMEdw","35.358545 139.627269"
"HapipiLandこどもの国","神奈川県 横浜市青葉区 奈良町 1-2-1　W.A.OこどものくにSC　スーパー三和子供の国店3F","RunlEiPdFgeif4by62jPsw","35.555202 139.485378"
"イトーヨーカドーグランツリー武蔵小杉","神奈川県 川崎市中原区 新丸子東 3-1135-1　イトーヨーカドーグランツリー武蔵小杉店4Fゲームコーナー","oMUIgh9QR0TjcVy_CWfA3Q","35.573736 139.660232"
"タイトーFステーション向ヶ丘遊園","神奈川県 川崎市多摩区 登戸 2718-1","ifuqpcbwK9lgu2zCURVyVQ","35.616468 139.565075"
"こころっこ川崎","神奈川県 川崎市川崎区 中瀬 3-20-20　島忠ホームズ川崎大師店2F","2Oime5RRSZJs1mNhDGsvcQ","35.537636 139.732686"
"川崎グランドボウル","神奈川県 川崎市川崎区 宮前町 11-14","65zaHB5lr2dkJ0a9e2msng","35.52769 139.706673"
"NICOPA＆nico ground 川崎","神奈川県 川崎市川崎区 富士見 1-5-5　マーケットスクエア川崎イースト1F","aX-EcaAoUcx6fd7LJj36NA","35.533599 139.711164"
"タイトーステーションラ チッタデッラ川崎","神奈川県 川崎市川崎区 小川町 1-18　ラ チッタデッラB1F","aOOOfCqknLW6hTyWiSzlbQ","35.528752 139.698027"
"プレイランド川崎","神奈川県 川崎市川崎区 小田栄 2-2-1　エスパ川崎店3F","rijikWxhn0AhAekIU_i08w","35.514628 139.708778"
"モーリーファンタジー川崎小田栄","神奈川県 川崎市川崎区 小田栄 2-3-1　ホームセンターコーナン川崎小田栄店2F","aij0WrbodTQpyxrs0Ak1cw","35.5149 139.706891"
"タイトーFステーション川崎ルフロン","神奈川県 川崎市川崎区 日進町 1-11　川崎ルフロン10F","-dWCZuDUJQCn_j1PvR_3HA","35.529667 139.69649"
"ラウンドワンスタジアム川崎大師","神奈川県 川崎市川崎区 殿町 1-5-1","IaOkkHseA-BKry96dQ2Wqg","35.53804087 139.7417164"
"キッズトレインなっつべりい川崎","神奈川県 川崎市川崎区 港町 12-1　イトーヨーカドー川崎港町店2F","Ez-ph6w8Rq-Sg-PSz_Q5Gw","35.534252 139.719411"
"ベネクス川崎","神奈川県 川崎市川崎区 鋼管通 4-8-3","xF5VtyJI4KUBcZEq97NxVw","35.51208127 139.7138643"
"シルクハット川崎モアーズ","神奈川県 川崎市川崎区 駅前本町 7　川崎モアーズ1・2F","WMFhuhyYqB97ZnO74L8ySA","35.53056732 139.6997452"
"シルクハット川崎ダイス","神奈川県 川崎市川崎区 駅前本町 8　ダイスビルB2F","WbwlFMTjE71sKGogTo1c5w","35.53153648 139.7001207"
"namcoラゾーナ川崎","神奈川県 川崎市幸区 堀川町 72-1　LAZONA川崎プラザ4F","JepYjIF4b83oo9KAFsFwBA","35.532821 139.696199"
"モーリーファンタジークロスガーデン川崎","神奈川県 川崎市幸区 小倉 5-19-23","tkOGL4Kw0javabSjgJ73wg","35.539291 139.66769"
"ラウンドワン高津","神奈川県 川崎市高津区 二子 4-8-1","T1VSCwia8_ogslKLPFSjTA","35.60279407 139.6195686"
"タイトーステーション溝の口","神奈川県 川崎市高津区 溝口 1-11-8　OKKA634ビル1F","eY7_H2gIdEfHI6x8OJ8H8w","35.60014432 139.6124876"
"イミグランデ溝口","神奈川県 川崎市高津区 溝口 1-14-7　第2カスタムビル","JCVi3R_WddnYHVgz9xshaA","35.6005232 139.6144868"
"イオン新百合ヶ丘ファミリーパーク","神奈川県 川崎市麻生区 上麻生 1-19　イオン新百合ヶ丘店4F","pcDifHTgTnw9Tot-wMtbbw","35.602562 139.507112"
"キッズトレイン上溝","神奈川県 相模原市中央区 上溝 5-14-19　ダイエー上溝店4F","rcI9vQlRj0AvdjLxueGhcg","35.559025 139.36119"
"ムトス相模原","神奈川県 相模原市中央区 中央 2-1-5","WMrnB_FuR_TpvfOUyfy0MQ","35.57357434 139.3710378"
"GiGO 相模原ラクーン","神奈川県 相模原市中央区 小山 1-1-14　相模原ラクーン1F","bQVpPdAejXefD_AE1iv3vA","35.584314 139.362142"
"モーリーファンタジー相模原小山","神奈川県 相模原市中央区 小山 3-37-1　ホームセンターコーナン相模原小山店2F","6PfrtVKtotPQcDQmOO4FUQ","35.58306 139.35659"
"ドラマ星ヶ丘","神奈川県 相模原市中央区 星が丘 3-7-7","0Jaxz4VOpA9FgHdr6ERx_w","35.558035 139.372015"
"イオン相模原ゲームコーナー","神奈川県 相模原市南区 古淵 2-10-1　イオン相模原SC3F","R-Om8seq4FV6bDwVC8J6Qg","35.553664 139.416782"
"モーリーファンタジーイオン相模原","神奈川県 相模原市南区 古淵 2-10-1　イオン相模原SC　イオン相模原店3F","M3iExTbbwtUQoMZnDjoqqg","35.553703 139.416899"
"ドラマイオン相模原SC","神奈川県 相模原市南区 古淵 2-10-1　イオン相模原SC内","qpmscBqr_nNrBYMysjGUgA","35.55371 139.417027"
"GiGO イトーヨーカドー古淵","神奈川県 相模原市南区 古淵 3-13-33　イトーヨーカドー古淵店3F","tQFCXz_7_svm7a3CfroHFw","35.553014 139.418654"
"ニコパニトリモール相模原","神奈川県 相模原市南区 大野台 6-1-1　ニトリモール相模原3F","j46D5Oh6nIxVUdfkx2xUkg","35.555168 139.409913"
"キッズトレイン相模原","神奈川県 相模原市南区 松が枝町 17-1　イトーヨーカドー相模原店3F","8k-hvFLEDQOB6SUNS0FCRA","35.515504 139.425157"
"GiGO 相模大野","神奈川県 相模原市南区 相模大野 3-13-2　東和ビル2・3F","9C7K-2_jTflBNREdgq967A","35.53220877 139.4358265"
"こころっこアリオ橋本 エブリデイFUNハウス","神奈川県 相模原市緑区 大山町 1-22　アリオ橋本2F","baJMfr5vD5SHSGHgayIdhQ","35.591051 139.34975"
"アドアーズ橋本","神奈川県 相模原市緑区 橋本 3-3-1　SING橋本2F","YS5oS-yQQGQLIICVQtj6ww","35.5945668 139.3488197"
"さがみ湖リゾートプレジャーフォレスト","神奈川県 相模原市緑区 若柳 1634","F-AQQOyUTVM78ZAkqEZyVg","35.602827 139.200867"
"アピナ橋本","神奈川県 相模原市緑区 西橋本 5-1-1　ラ・フロール駐車場棟1F","9Ko9cYGAzOzBsFpId1Bh_w","35.59800553 139.3365173"
"モーリーファンタジー久里浜","神奈川県 横須賀市 久里浜 5-13-1　イオン横須賀久里浜SC　イオン久里浜店2F","mse4kaCz9P2kUbKaPlNniA","35.228746 139.703703"
"キッズパーク リヴィンよこすか","神奈川県 横須賀市 平成町 3-21-4　リヴィンよこすか店2F","zGOcMb79ojkZVelUym-n8w","35.275169 139.683783"
"namcoコースカベイサイドストアーズ","神奈川県 横須賀市 本町 2-1-12　コースカベイサイドストアーズ5F","-HzWRzG8ozBdATAgsnokfg","35.283242 139.662747"
"アドアーズ横須賀","神奈川県 横須賀市 本町 3-27　ベイスクエアよこすか一番館　横須賀APT1F","Kf4U1-oVznb3BZGpfI937g","35.280695 139.662279"
"シルクハット横須賀中央","神奈川県 横須賀市 若松町 1-5　プライムビル2F","X3kMELfSSJ8nbPjunH5hsQ","35.27924101 139.6708739"
"ゲームパラダイスゼロワン","神奈川県 横須賀市 若松町 1-6　ヨコビル3F","p1SXo01I7NOOsq21D3-nSg","35.279547 139.671056"
"プラサカプコン横須賀","神奈川県 横須賀市 若松町 2-30　横須賀モアーズシティ4F","4B4XPEruyp_8pkZ0uX-9Ug","35.27832137 139.6700799"
"湘南あそびマーレ","神奈川県 平塚市 代官町 33-1　OSC湘南シティC棟1F","ojR4WPnlJrg4wpLCXvWOKA","35.328411 139.358787"
"namcoOSC湘南シティ","神奈川県 平塚市 代官町 33-1　OSC湘南シティ内","iURdWRx_bncPkhvF0ukncA","35.328522 139.358495"
"ラウンドワンららぽーと湘南平塚","神奈川県 平塚市 天沼 10-1　ららぽーと湘南平塚3F","GRo_mC02M87GF-6ttlHpOA","35.337941 139.356048"
"シルクハット大船","神奈川県 鎌倉市 大船 1-24　大船駅前ビル1～3F","otcrs1raTlcj0Y7VIIIXxQ","35.3531986 139.5325658"
"ジャンボリー大船","神奈川県 鎌倉市 大船 6-1-1　イトーヨーカドー大船店2F","_F1VxKm7i4HXBTbguS7EpQ","35.354129 139.538303"
"ハローズ鎌倉大船","神奈川県 鎌倉市 岡本 1188-1　コーナン鎌倉大船店ゲームコーナー","5r-BmR1Z8W8pKmViwCfQEg","35.347801 139.51704"
"ヒロタバッティングセンター","神奈川県 藤沢市 下土棚 310","W79no6cMA7jwwwqODzmdEA","35.407614 139.461391"
"タイトーステーション藤沢","神奈川県 藤沢市 南藤沢 21-1","F8N26FXO5XFiVtl2VstIPA","35.3372372 139.4873612"
"ドラマ藤沢","神奈川県 藤沢市 本藤沢 5-6-8","RMX-dUCjpOYMZXuun0uTww","35.35812714 139.4681337"
"ピカキッズ湘南台","神奈川県 藤沢市 石川 6-2-1　イトーヨーカドー湘南台店3F","-locy79O6eGX3-_QdfZEaw","35.392307 139.446759"
"アドアーズ藤沢北口","神奈川県 藤沢市 藤沢 460-1　3・4F","fekvFlDwJqSYwezM5Cx2Ww","35.33957519 139.4863164"
"ソユーゲームフィールド湘南","神奈川県 藤沢市 辻堂新町 4-1-1　湘南モールフィル2F","7fyQDAxbw7eevjc06evvVQ","35.339134 139.464511"
"楽市楽座湘南藤沢","神奈川県 藤沢市 辻堂新町 4-3-5　MrMax湘南藤沢SC2F","X8jTn_dm6aWKJe3IT8tFdA","35.339722 139.464091"
"ハローズガーデン湘南","神奈川県 藤沢市 遠藤字滝ノ沢 698-10　湘南とうきゅう2F","V7VseS6m-RJpP2nwwnsn4g","35.371574 139.44184"
"キッズトレイン藤沢","神奈川県 藤沢市 鵠沼石上 1-10-1　イトーヨーカドー藤沢店5F","s_6tzWdOgbEBI_LNy4iddQ","35.334986 139.489035"
"ゲームインファンファン藤沢店新館","神奈川県 藤沢市 鵠沼石上 1-3-8","Y2LWrIB33NvEwmtIDgy1oQ","35.33657761 139.4891649"
"namcoダイナシティ小田原","神奈川県 小田原市 中里 208　小田原ダイナシティWEST4F","-zyYOs68QiR3Lnd3fIU7hA","35.283812 139.185904"
"GiGO ダイナシティ小田原","神奈川県 小田原市 中里 296-1　小田原ダイナシティイーストモール　イトーヨーカドー小田原店3F","rfTL6dh7z-Zs0ZHdzVs21A","35.281801 139.188662"
"タイトーステーション小田原シティーモールクレッセ","神奈川県 小田原市 前川 120　小田原シティーモールクレッセ2F","AxGtDHGXTV77MMhLzDwi2w","35.28115033 139.1944814"
"小田原メトロポリス","神奈川県 小田原市 前川 219-4","ljRWgmWbQdDuEtdv7t_lLg","35.2787436 139.1940786"
"タイトーステーション小田原","神奈川県 小田原市 栄町 1-3-12","tl3ILb4IiSWu2UicdxmvZw","35.2549374 139.1561373"
"小田原お堀端 万葉の湯","神奈川県 小田原市 栄町 1-5-14","IuyfHkmLW2hYTxiVHqabiQ","35.254265 139.157221"
"バッティングセンター金太郎","神奈川県 小田原市 飯泉 1064","vna2tQAHxTqkplogiNP6xA","35.276407 139.164343"
"モーリーファンタジー湘南茅ヶ崎","神奈川県 茅ヶ崎市 茅ヶ崎 2-7-71　イオンスタイル湘南茅ヶ崎2F","0nPY5gRdUx8YGtUtWABKtw","35.33474 139.408708"
"モーリーファンタジー茅ヶ崎中央","神奈川県 茅ヶ崎市 茅ヶ崎 3-5-16　イオン茅ヶ崎中央SC　イオン茅ヶ崎中央店3F","vqbH9PEkQISTQEMQUXERmg","35.336057 139.40265"
"モーリーファンタジー秦野","神奈川県 秦野市 入船町 12-1　イオン秦野SC　イオン秦野店2F","PSXuTifVhNdsXEc1wCRkzA","35.378328 139.228298"
"ハローズガーデン厚木","神奈川県 厚木市 中町 1-5-10　厚木ガーデンシティ5F","wy6Va8iCYIPdeHxj5cufEA","35.442152 139.366791"
"イミグランデ本厚木","神奈川県 厚木市 中町 3-2-1　新中川ビル","3kjcvUgwBgdd5btGMJ_Tkg","35.439485 139.3615862"
"シルクハット本厚木","神奈川県 厚木市 中町 3-4-22　第二会田ビル2F","OF08CLy2ZYxo5YBHpXbdVg","35.44055731 139.365389"
"GiGO 本厚木","神奈川県 厚木市 中町 4-15-9","Ep8tBi7yccD3iMy9IQmm5w","35.439046 139.361906"
"神奈川レジャーランド厚木","神奈川県 厚木市 戸室 5-31-1　アツギ・トレリス2F","o_SaLBY9p4_2lfp9Y3ro5g","35.44819874 139.3430328"
"にこにこBEAR厚木","神奈川県 厚木市 戸室 5-31-1　アツギ・トレリス3F","nC64_Tmq_FNhCcZrLHRscQ","35.447725 139.343115"
"モーリーファンタジー大和鶴間","神奈川県 大和市 下鶴間 1-2-1　イオンモール大和　イオン大和鶴間店3F","i7t4NAYi46bgRl92Wmoqcg","35.489226 139.457655"
"イトーヨーカドー大和鶴間","神奈川県 大和市 下鶴間 1-3-1","LxpAKmsbogvQ2_rleVGd8Q","35.490727 139.457087"
"プレイランド大和鶴間","神奈川県 大和市 下鶴間 1-3-1　イトーヨーカドー大和鶴間店3F","w5I6X4CJoonyQr7PSdXbww","35.490509 139.457133"
"アストロ大和バッティングセンター","神奈川県 大和市 下鶴間 807-1","mEvEJytUs74MfEsa3nf2xA","35.506111 139.463857"
"アドアーズ大和店A館","神奈川県 大和市 大和東 1-4-3　大黒屋ビル1・2F","YDbiNkERtIuup42PF5Rg6w","35.470556 139.462345"
"キキトコパレッテ高座渋谷","神奈川県 大和市 渋谷 5-39-5　パレッテ高座渋谷店内","4IGQurqG5lB4i5E7RLk5aQ","35.436287 139.464158"
"モーリーファンタジー大和","神奈川県 大和市 渋谷 6-6-1　イオン大和SC　イオン大和店3F","AGrynBRFY0Ra2_4NVVrWkQ","35.434894 139.466271"
"イミグランデ大和","神奈川県 大和市 鶴間 2-12-27","DoucgpS0c-IIVwGMbt8GRw","35.49149448 139.4547844"
"ファミリーランド伊勢原","神奈川県 伊勢原市 桜台 1-8-1　イトーヨーカドー伊勢原店5F","6Mer02inNB0lkz_thpcxfA","35.395136 139.314854"
"タイトーFステーションイオン伊勢原","神奈川県 伊勢原市 白根 630-1　イオン伊勢原店3F","7EQOqBpczvjY_cYYEQwVeg","35.397488 139.295528"
"タイトーステーション海老名ビナウォーク","神奈川県 海老名市 中央 1-18-1　ビナウォーク6番館2F","p1BhZ0KnX4eNQCNYDIwiBA","35.452759 139.395683"
"GiGO 海老名","神奈川県 海老名市 中央 1-4-31　海老名プラザビル1F","KxAMy5MG4-qR-fmzJMSeMg","35.451554 139.392542"
"ハローズガーデン海老名","神奈川県 海老名市 中央 2-4-1　イオン海老名店2F","033YYDo5fYKR2HX07uYKCg","35.450557 139.393103"
"プレイランドダイエー海老名","神奈川県 海老名市 中央 3-2-5　ダイエー海老名店3F","f-PsgKblg6b-Whje6r9XTw","35.450534 139.390664"
"namcoイオンモール座間","神奈川県 座間市 広野台 2-10-4　イオンモール座間3F","hyMBjTex6cF3s7nClXAb-Q","35.500236 139.42439"
"モーリーファンタジー座間","神奈川県 座間市 広野台 2-10-4　イオンモール座間　イオンスタイル座間3F","83gYn2le03mjntTW-mv3HA","35.500762 139.424679"
"ハローズガーデン綾瀬","神奈川県 綾瀬市 深谷 3734-1　綾瀬タウンヒルズSC2F","KN45NM0P9iPhNywWdlPQYA","35.43675 139.429023"
"ハローズ愛川","神奈川県 愛甲郡愛川町 角田 580　スーパーアルプス愛川店内ゲームコーナー","0umtYIXp88BSWt7yaSTAwQ","35.533089 139.329349"
"DeKKY401ファミリーパーク","新潟県 新潟市中央区 上近江 4-12-20　DeKKY401　2F","Gt-f80r9hJtoywvdDcYH1w","37.898297 139.029289"
"ビルボードプレイスゲームコーナー","新潟県 新潟市中央区 八千代 2-5-7　万代シテイビルボードプレイス／BP2内","C3k3NXGnFFh1M00c7Rp2uw","37.916368 139.05307"
"namco新潟","新潟県 新潟市中央区 南笹口 1-1-1　ひもろぎビル2F","u1MTTl5i_F7FWUKSJ1zXRA","37.90834853 139.0640616"
"丸大プレイランド","新潟県 新潟市中央区 本町通 6-1122-1　イトーヨーカドー丸大新潟店4F","Pc787fMtk_O5tls4dtTXvQ","37.920167 139.047168"
"ラウンドワンスタジアム新潟 ","新潟県 新潟市中央区 美咲町 2-1-38","UBZ7CvGInO9gbMiWlFrd9g","37.88816522 139.0176058"
"ベイシア新潟豊栄店あそびのくに","新潟県 新潟市北区 かぶとやま 2-1-62　ベイシア新潟豊栄店内","J3SbB0uyQgj2J7NPPrmPcQ","37.928799 139.218716"
"メジャーロード白根","新潟県 新潟市南区 上下諏訪木字論地 948-2","Mw7azTRwlTbUUgkT1XbRwA","37.760597 139.022214"
"モーリーファンタジー新潟東","新潟県 新潟市東区 大形本町 3-1-2　イオン新潟東店3F","xaeflXOf7X_FNw21IdaC5Q","37.924869 139.11462"
"カプコサーカス新潟東","新潟県 新潟市東区 大形本町 3-1-2　イオン新潟東店内ゲームコーナー","_INsvFeP7CpdKNhIuNirQg","37.92514116 139.1147232"
"モーリーファンタジー・f NIIGATAMINAMI","新潟県 新潟市江南区 下早通柳田 1-1-1　イオンモール新潟南2F","xAlSlWdGuszNJzQP6paNfg","37.87597127 139.0814638"
"モーリーファンタジー新潟南","新潟県 新潟市江南区 下早通柳田 1-1-1　イオンモール新潟南　イオン新潟南店3F","e7e4C1rI9lLD8UuRTh2-4Q","37.876027 139.081417"
"ハローズガーデン新潟亀田","新潟県 新潟市江南区 鵜ノ子 4-466　アピタ新潟亀田店2F","44-kK1Ul0WP2D4UaMJxFjQ","37.87212 139.08893"
"ゲオ寺尾","新潟県 新潟市西区 五十嵐東 1-7-1","E1gH4R0L3RxOs7R2D8D8JA","37.874094 138.959161"
"ファミリーアミューズメント新潟西","新潟県 新潟市西区 小新 474　アピタ新潟西店2F","n3FDcGLRIUhNBVvP-OFhAw","37.880443 139.003319"
"タイトーFステーションイオン新潟西","新潟県 新潟市西区 小新南 2-1-10　イオン新潟西店3F","YZOZPARktXVDDYIaK8By8g","37.868425 138.994755"
"メジャーロード黒埼","新潟県 新潟市西区 山田 3303","h8JdNNRcv--4DyoBv82BUA","37.86828128 139.0173483"
"モーリーファンタジー新潟青山","新潟県 新潟市西区 青山 2-5-1　イオン新潟青山SC　イオン新潟青山店2F","vRI6mrf18I0StbrI6S1SvA","37.896283 139.004883"
"ハローズガーデン長岡","新潟県 長岡市 千秋 2-278　アピタリバーサイド千秋長岡店2F","sV3xKmSvZSKVwe2FMrLHXg","37.460729 138.826771"
"ナムコランドイオン長岡","新潟県 長岡市 古正寺 1-249-1　イオン長岡店3F","CYZkNV17tfpN1rDjwOAnMw","37.454174 138.823337"
"アピナ長岡","新潟県 長岡市 堺東町 22","Xx9pnqr56FJdIleelpltxg","37.4578935 138.8131531"
"namcoイオン三条","新潟県 三条市 西裏館 2-12-20　イオン三条店2F","Imo7TsWpiK2LHEulHm9Ehw","37.6387 138.95572"
"namcoMEGAドン・キホーテ柏崎","新潟県 柏崎市 東長浜町 4-15　MEGAドン・キホーテ柏崎店2F","HbvXR3-7B8QNgaRuXeJU3w","37.368324 138.579121"
"モーリーファンタジー新発田","新潟県 新発田市 住吉町 5-11-5　イオンモール新発田　イオン新発田店2F","YmkPEIZNfZhhuES-RPPgEQ","37.942733 139.309584"
"ハローズガーデンプラス新発田","新潟県 新発田市 住吉町 5-11-5　イオンモール新発田店2F","aFVOUrGEG0OLRp8nBqPshw","37.942552 139.30882"
"ベイシア小千谷店あそびのくに","新潟県 小千谷市 三仏生上林 3489-2　ベイシア小千谷店内","TbmNGME-i0qq0MSXF_19yw","37.332398 138.810831"
"モーリーファンタジー小千谷","新潟県 小千谷市 大字平沢新田字荒田 339　イオン小千谷2F","OvsTZ-F2gXCXrckUcw-wHQ","37.319883 138.794117"
"HapipiLand十日町","新潟県 十日町市 丑 735-1","NI_UUYDD00WXoITfRabp0w","37.136249 138.745643"
"モーリーファンタジー十日町","新潟県 十日町市 川端丑 784-1　イオン十日町店1F","9GJs8eNqeD5bw5YbD1YNsg","37.13836 138.745648"
"PALO十日町","新潟県 十日町市 旭町 161　リオン・ドール十日町店1F","vDjfxMkl-p8abIJLFspRuA","37.13575 138.758264"
"メジャーロード24","新潟県 見附市 今町 4-20-568-1","gC4blh6JQ_mywPKKOqgx0A","37.54305248 138.8914669"
"タカラ島新村上","新潟県 村上市 仲間町 200　村上プラザ1F","ad53-Dj_W8T19mGjnz1QYg","38.22094 139.491993"
"タイトーFステーション燕三条","新潟県 燕市 井土巻 3-150　イオン県央店アメニティ棟1F","xlta14dMp9G6-c3r_3tWdg","37.651304 138.934961"
"モーリーファンタジー県央","新潟県 燕市 井土巻 3-65　イオン県央店2F","G5sIhs0Bo5WtaRPjeijvkw","37.651252 138.934941"
"ゲームピコ上越","新潟県 妙高市 栗原 4-7-11　新井ショッピングセンター1F","aw95ZehTYi-TbbrBKF_HrA","37.054841 138.261837"
"アピナ上越インター","新潟県 上越市 下門前 1661","W8qyQVpIPFZMR36VQhCVfA","37.15426267 138.2555312"
"上越レジャーランボウル","新潟県 上越市 下門前 827-2","g8UVj9xJd4ZkJsc6bTL6Hw","37.1640489 138.2489754"
"モーリーファンタジー上越","新潟県 上越市 富岡 3458　上越SCアコーレ　イオン上越店2F","08vEh6ZhZp_jPq0g0vpvKA","37.15234 138.258731"
"タイトーFステーション上越","新潟県 上越市 富岡 3524　J-MAXシアター内1F","38xbgYVvaTvabTSyLEmWvA","37.148192 138.259047"
"MEGAドン・キホーテ上越インター","新潟県 上越市 富岡 683-12","mdS5wZFcNzizCyTS-J5KwA","37.144231 138.261541"
"アミューズメントスポットパルム","新潟県 魚沼市 井口新田 250-1","xpdt-aiG4cXIRQEq_sbDMQ","37.233772 138.966897"
"モーリーファンタジー六日町","新潟県 南魚沼市 余川 3100　イオン六日町店2F","1Q2K4_2swhib7V5FaRminw","37.081139 138.878617"
"namcoアピタ富山東店ゲームコーナー","富山県 富山市 上冨居 3-8-38　アピタ富山東店2F","1VObfsF0XZOc9-bYlbeHwg","36.708915 137.240732"
"namcoアピタ富山","富山県 富山市 上袋 100-68　アピタ富山店2F","-ctL7ooRf_tEcgwetq77PA","36.660761 137.211457"
"キッズサーカス五福","富山県 富山市 五福 1143-1","Txbieh-seCESTWxL1K13dA","36.695562 137.192538"
"アピナ富山南","富山県 富山市 堀川町 355-3　マイプラザ内","6CjzAtyjNqashL9nDLGzqg","36.664937 137.2173196"
"タイトーステーションファボーレ婦中","富山県 富山市 婦中町下轡田 165-1　フューチャーシティーファボーレ2F","dDk-DmWfyZ2qlejL4M0WUA","36.662226 137.171994"
"GiGO マリエとやま","富山県 富山市 桜町 1-1-61　マリエとやま4F","b0cuYHY28hQRdLxktuYubA","36.700392 137.214107"
"アピナ富山新庄","富山県 富山市 荒川 3-2-12","qCi4e7Cy_bgSbrVffdofKg","36.6953333 137.2480711"
"アピナ富山豊田","富山県 富山市 豊田町 2-12-66","rZ-nNXYwETLGjY1DS5gu9Q","36.72103309 137.2354817"